55	1+1花艺	1	53	16	80	1	2	1
55	1026视觉摄影	1	17	12	null	0	1	1
55	1206摄影工作室	1	140	26	64	15	7	1
55	12星座摄影	1	48	61	64	13	3	1
55	1502摄影机构	2	388	257	91	20	10.5	1
55	168婚车租赁公司	1	18	1	null	0	1	1
55	1760's婚纱店	1	34	23	88	1	0	1
55	186摄影馆	1	20	13	null	0	1	1
55	1910婚礼策划	1	15	5	82	4	0	1
55	1949 The Hidden City	1	4797	6308	90	340	111	1
55	1号摄影机构	1	11	4	null	0	0	1
55	2046婚纱摄影·完美缔造韩式纪实风·最美中国风·大牌欧美风	1	1587	659	94	67	58	1
55	23s彩妆造型工作间	1	27	6	80	1	1	1
55	24Frames	1	102	77	88	1	4	1
55	24格婚礼跟拍摄影	1	37	4	null	0	2	1
55	25度摄影工作室	2	894	207	91	30	26	1
55	27°罗马风情婚纱影城	1	11	0	null	0	0	1
55	28号影像馆	1	41	1	null	0	4	1
55	2号婚纱礼服馆	1	26	10	80	1	2	1
55	360度摄影工作室	1	26	19	null	0	3	1
55	37°婚礼会馆	1	111	20	82	5	10	1
55	3D影像婚纱摄影工作室	1	684	106	90	8	10	1
55	3号摄影实验室	1	20	1	null	0	2	1
55	4818视觉婚纱摄影会馆	1	30	8	null	0	0	1
55	629婚纱摄影会所	1	101	34	79	7	6	1
55	77婚纱摄影	1	12	10	78	5	1	1
55	7号摄影馆	1	112	31	84	9	5	1
55	8090婚纱摄影	1	13	0	null	0	0	1
55	8090婚纱摄影·7年服务品牌	1	277	35	88	1	19	1
55	80影像婚纱摄影	1	64	29	78	11	3	1
55	8号摄影公馆	1	21	0	null	0	0	1
55	8号温泉商务酒店·婚宴	1	27	0	null	0	0	1
55	900MFILM微电影工作室	1	43	13	88	1	1	1
55	975婚礼创意团队	1	46	106	87	9	5	1
55	9Focus（九点睿视）视频工作室	1	837	34	90	11	2	1
55	9号婚宴殿堂	1	87	6	83	2	1	1
55	A+ wedding 艾嘉	1	12	1	null	0	1	1
55	A.M彩妆造型工作室	2	340.5	28.5	44	1	14.5	1
55	A9环球婚纱电影城	1	13	3	80	1	0	1
55	AC视觉婚纱婚庆摄影	2	49	45.5	44	0.5	1.5	1
55	AE VISION.新派时尚主题婚纱摄影	1	121	9	88	2	3	1
55	AMELY PAN 高级男装定制	1	46	9	88	1	2	1
55	ANON·亚诺西服定制	1	181	25	88	2	8	1
55	AW婚礼	1	16	3	null	0	1	1
55	Ab ovo风尚设计馆	1	17	37	88	1	0	1
55	All Creative 纪实摄影	1	48	8	null	0	0	1
55	AmazingShow美嘉社私人婚礼定制	1	548	28	86	4	37	1
55	Amour爱诺成衣定制	1	120	48	90	14	4	1
55	Angell视觉摄影工作室	1	12	1	null	0	2	1
55	Anna婚礼策划	1	12	2	null	0	2	1
55	Annie专业彩妆工作室	1	61	8	88	1	4	1
55	Anny礼服私人定制	1	17	0	null	0	1	1
55	Aster Couture_合缘齐晟婚纱礼服高端定制会馆	1	220	78	93	34	10	1
55	Atelier Gardenia 栀(zhī)己定制工作室	1	24	2	88	1	0	1
55	August Sposa国际婚纱高端定制	1	595	264	88	57	36	1
55	Avril Couture 艾薇婚纱礼服高级定制	1	448	366	91	18	18	1
55	Awei男士西服高级定制	1	447	123	93	29	16	1
55	Azalea澳赛利亚高级婚纱礼服定制	1	31	26	80	4	2	1
55	BEARFETE高端婚礼定制	1	25	13	null	0	0	1
55	BOBO婚纱摄影工作室	1	1346	765	94	43	16	1
55	BOBO彩妆造型工作室	1	31	9	80	1	1	1
55	BeMine国际婚纱会所	1	80	1	null	0	7	1
55	Blue Nile	1	10	0	null	0	0	1
55	BoBo喜蜜主题婚礼策划	1	33	10	null	0	1	1
55	CD视觉婚纱摄影	1	2860	816	92	61	121	1
55	CD视觉婚纱礼服高级定制馆	1	1585	448	94	50	80	1
55	CD视觉摄影	1	13	1	null	0	0	1
55	CD高端婚礼策划	1	20	1	80	1	0	1
55	CK视觉摄影	1	32	0	null	0	2	1
55	COCO海外婚礼&婚纱摄影	1	268	63	88	1	14	1
55	CTRL+A婚纱摄影工作室	1	16	11	88	3	0	1
55	Candy婚纱礼服馆	1	40	5	80	1	0	1
55	Celine 化妆工作室	1	21	4	null	0	0	1
55	CemA创意婚礼策划	1	10	0	null	0	1	1
55	Cigar高端婚纱礼服定制	1	63	50	80	1	2	1
55	Coco Bridal婚纱礼服店	1	365	167	90	14	19	1
55	D&F婚纱	1	110	61	87	5	6	1
55	D9视界京剧摄影工作室	1	17	8	null	0	2	1
55	DAIRUI定制西服男士礼服高级定制	1	1456	49	86	9	7	1
55	DANIEL REBECCA 高级礼服定制中心	1	68	22	87	3	2	1
55	DEVEN婚纱	1	90	10	88	1	2	1
55	DORIA珠宝定制	1	72	14	88	1	2	1
55	DQ蒂珂婚纱私家定制设计馆	1	154	26	88	2	1	1
55	Dai Rui私人高级定制	1	11	0	null	0	0	1
55	Darry Ring	1	534	67	88	8	15	1
55	Dear蝶儿摄影	1	31	137	90	11	0	1
55	Design Young婚纱礼服西服	1	524	189	91	82	15	1
55	Design Young高级定制	1	56	1	88	1	3	1
55	DevEil.x婚纱	1	46	7	null	0	3	1
55	Dina Faire高级成衣定制店	1	755	213	93	32	26	1
55	DollsinLove婚纱礼服定制	1	13	7	null	0	0	1
55	Dreamywedding 8090时尚婚礼订制	1	11	6	null	0	0	1
55	EF艺峰视觉摄影工作室	1	183	96	92	47	5	1
55	ELEVENroom摄影工作室	1	38	4	88	1	3	1
55	EN私人婚礼定制	1	448	49	87	11	39	1
55	ESSE爱喜礼服	1	17	25	84	14	0	1
55	EV钻饰	1	18	7	null	0	0	1
55	Elvis艾尔维斯婚纱礼服私人定制	1	16	3	null	0	1	1
55	Emily Ma Studio 婚纱礼服高级定制	1	104	159	94	29	1	1
55	Emma's Bridal婚纱礼服定制工作室	1	588	513	90	25	17	1
55	E时尚婚纱摄影会馆	1	18	7	null	0	3	1
55	FAMORY名瑞高级婚纱礼服	1	11	4	null	0	0	1
55	FASHION PHOTO摄影工作室	1	20	5	65	11	0	1
55	FE时尚摄影	1	60	49	69	8	2	1
55	FLORAS高级婚纱礼服定制	1	16	12	null	0	0	1
55	FY婚纱礼服定制	2	18	1	0	0	1	1
55	Fangs style高级服装定制	1	37	1	null	0	1	1
55	Fei Liu高级珠宝	1	34	0	80	1	0	1
55	FineFine婚礼策划	1	212	53	84	20	13	1
55	Flora花谷婚纱礼服定制工作室	1	11	1	null	0	0	1
55	FreeDreams自由梦想视频工作室	1	20	5	null	0	0	1
55	GALEONZO西装定制	1	21	5	null	0	0	1
55	GALLERIA COLLECTION品牌高级定制婚纱	1	25	1	null	0	0	1
55	GAO'S PRIVE高氏西装定制沙龙	1	294	204	91	15	13	1
55	HER Studio（翯）·精致礼服工作室	1	936	183	93	39	43	1
55	HERA-赫拉婚礼策划	1	55	48	88	3	6	1
55	HS·珊珊婚纱礼服设计工作室	1	109	89	92	21	2	1
55	HY婚礼顾问	1	15	0	null	0	0	1
55	Happytree创意婚品	1	14	5	null	0	1	1
55	Helen Tailor	1	15	0	null	0	0	1
55	Hello魔镜高级婚纱礼服设计定制	1	2573	797	92	85	106	1
55	I DO i 婚礼策划DIY	1	372	41	81	13	14	1
55	I DO晶湛摄影	1	12	3	70	3	0	1
55	I Do 彩妆造型	1	17	1	null	0	0	1
55	IAM艾慕婚纱礼服定制馆	1	732	569	91	23	46	1
55	IDEA创意婚品	1	70	20	71	1	6	1
55	IDO99海外婚礼	1	154	84	86	8	8	1
55	ILLUSION STUDIO 错觉摄影机构(北京店)	1	436	266	91	15	16	1
55	IM婚纱	1	20	0	null	0	0	1
55	IM韩派婚纱造型馆	1	54	23	85	2	4	1
55	IN Club 印·婚礼会馆	1	34	0	null	0	1	1
55	IRIS艾瑞斯彩妆创意馆	1	149	111	90	11	2	1
55	IV国际婚礼会馆	1	28	10	85	3	0	1
55	Iok Studio 彩妆造型工作室	1	14	2	null	0	0	1
55	Ipose时尚摄影工作室	1	44	11	null	0	1	1
55	JAISSY嫁衣定制	1	31	5	null	0	2	1
55	JASONPHOTO摄影工作室	1	19	0	null	0	1	1
55	JOJO婚纱礼服设计工作室	1	21	11	null	0	2	1
55	JULIA婚纱	1	230	67	88	5	6	1
55	JUNE•CHEN西服定制	1	46	1	null	0	9	1
55	JWL Destination Wedding	1	22	0	null	0	0	1
55	JW万豪酒店·婚宴	1	403	12	80	3	8	1
55	K-Beauty 彩妆造型	1	31	13	null	0	1	1
55	K2视觉婚纱摄影	1	142	94	80	10	4	1
55	L-beauty彩妆	1	24	1	null	0	1	1
55	LA FLORA高级定制	1	162	150	87	7	8	1
55	LA SPOSA婚纱礼服定制馆	1	18	5	null	0	0	1
55	LADULIE高级定制会馆	1	13	2	null	0	1	1
55	LALIVA婚纱礼服定制	1	1716	224	90	7	50	1
55	LAVIN玫瑰里一站式婚礼会所·太阳公元	1	2177	161	83	10	100	1
55	LA高端婚礼策划工作室	1	20	2	null	0	0	1
55	LEI化妆造型工作室	1	18	1	null	0	1	1
55	LILY彩妆婚纱	1	15	1	null	0	1	1
55	LIRIA婚纱定制	1	63	4	null	0	2	1
55	LOVE MV微电影工作室	1	179	17	85	4	10	1
55	LUKA婚纱礼服	1	13	24	null	0	0	1
55	LUXURY SUIT 凌仕高级成衣定制	1	147	9	88	1	5	1
55	LaMoon婚纱	1	376	128	88	3	12	1
55	LaMousse-Studio	1	16	0	null	0	0	1
55	Lacycodex蕾丝印婚纱礼服配饰定制工作室	1	34	4	null	0	0	1
55	Light Professional 彩妆造型	1	11	4	null	0	1	1
55	Lily Age婚纱礼服定制工作室	1	31	13	null	0	3	1
55	Lisa Tailor Shop	1	55	29	80	1	2	1
55	Lohas&Loto Film Studio	1	11	4	null	0	1	1
55	Lomo婚礼顾问	1	370	122	90	14	15	1
55	Love Valley爱情谷婚礼策划	1	192	14	80	7	4	1
55	Love Wedding奢品汇婚纱会所	1	700	141	90	13	42	1
55	Love尚彩妆造型	1	11	2	null	0	1	1
55	L‘amor·茉 婚纱礼服高级定制	1	417	261	95	40	16	1
55	MARRY ME婚礼策划工作室	1	39	1	null	0	2	1
55	MAY高级男装礼服定制	1	23	4	null	0	5	1
55	MEN'S SATORIA	1	100	12	88	2	5	1
55	MH服饰礼服定制	1	137	3	null	0	6	1
55	MIA私人专属摄影	2	16.5	0	0	0	0	1
55	MIO米欧图片后期工作室	1	13	1	null	0	2	1
55	MORE SHINE 慕尚喜堂海外婚礼	1	96	17	82	6	6	1
55	MR.MISS摄影公馆	1	17	2	66	1	1	1
55	MRLOOK视觉先生影像工作室	1	14	2	null	0	1	1
55	MW手工婚纱	1	195	437	91	15	6	1
55	MagicFit高级定制	1	16	4	null	0	0	1
55	Marry Utopia 漫游-婚礼顾问	1	12	0	null	0	1	1
55	Marry me婚礼策划	1	10	0	null	0	1	1
55	MarryMe摩瑞国际婚纱礼服高级定制连锁机构	1	1750	644	93	25	54	1
55	MarryTo美途婚礼策划	1	99	10	88	3	11	1
55	Mavis摄影艺术馆	1	63	20	69	19	2	1
55	Me Time 摄影	1	28	2	88	1	0	1
55	Miao Vision Studio 淼视觉	1	40	41	86	7	0	1
55	Milano DesIgn 米兰设计坊	1	24	2	null	0	0	1
55	Miss-In礼服	1	12	3	null	0	1	1
55	Mixpix婚礼影像工作室	1	154	89	89	5	3	1
55	Montage天使高端儿童精致摄影	1	16	1	null	0	0	1
55	Montage摄影工作室	1	18	1	null	0	1	1
55	Montage高端精致定制摄影	1	59	4	null	0	2	1
55	Movision木维社	1	17	2	null	0	1	1
55	Mr.RT摄影	1	23	11	66	5	1	1
55	MrSUstudio	1	15	10	88	1	0	1
55	NAUHO天姿盼婚纱礼服体验馆	1	449	113	90	20	24	1
55	NQ私人婚礼定制	1	72	4	88	2	7	1
55	NV化妆造型化妆培训	1	18	1	null	0	0	1
55	Nacinderella灰姑娘精品礼服定制	1	384	584	91	72	13	1
55	N次方视觉	1	11	0	null	0	0	1
55	N视觉摄影机构	1	71	104	85	29	1	1
55	ONE纪实摄影工作室	1	18	0	null	0	2	1
55	ONLY LOVER网络婚纱影楼	1	165	6	90	7	6	1
55	OPHLIA欧妃丽亚高级定制	1	56	44	87	5	2	1
55	OUR-蜜堂婚宴创意	1	163	40	88	7	12	1
55	Oi 高端定制海外婚礼策划	1	22	5	null	0	4	1
55	Onewedding婚礼顾问	1	106	24	90	10	9	1
55	Onlyone婚纱礼服店	1	81	63	83	12	4	1
55	P.C全奢华品牌礼服租赁机构	1	39	36	null	0	1	1
55	PERFECT SIZE高级西服定制	2	273.5	158	88.5	10.5	16.5	1
55	Party婚礼	1	1251	327	91	60	56	1
55	Pinky双色婚纱礼服馆	1	43	65	88	21	1	1
55	Plumage Bridal	1	18	3	null	0	0	1
55	PoPoBoom气球	1	37	16	null	0	1	1
55	REBA宫熹婚纱定制	1	141	116	93	31	5	1
55	RECplus婚礼电影工作室	1	73	28	88	3	5	1
55	Rose Ink婚纱礼装成衣定制	1	17	20	71	1	1	1
55	S Line私人专属摄影	1	1263	467	90	9	25	1
55	SELF STUDIO 创意摄影工作室	1	37	1	null	0	1	1
55	SELF STUDIO自拍摄影馆	1	14	1	null	0	0	1
55	SELF创意自拍摄影工作室	1	10	0	null	0	0	1
55	SEMI礼服定制	1	24	4	null	0	3	1
55	SISAY彩妆造型工作室	1	112	7	62	1	2	1
55	SOMEthing三生视觉	1	10	2	null	0	1	1
55	SUSU私家摄影	1	101	9	89	6	1	1
55	SYDPHOTOS海外婚纱摄影中国站	1	14	5	null	0	2	1
55	Sheknow Collection国际名品婚纱礼服集合店	1	2048	404	91	55	66	1
55	ShineeVisal申依手工定制	1	1599	8	88	1	20	1
55	Sister婚纱礼服	1	16	0	null	0	0	1
55	SmallLuxuryWedding思慕婚礼定制	1	26	4	null	0	0	1
55	Snow化妆团队	1	10	1	null	0	1	1
55	Studio dada摄影棚	1	24	4	null	0	0	1
55	Sunny喜铺	1	176	486	null	82	14	1
55	Sunny喜铺婚礼体验中心	1	819	43	69	12	43	1
55	Sunny喜铺彩妆	1	50	1	null	0	3	1
55	Sunrise 昕芮高级定制	1	33	25	88	4	0	1
55	Super Wedding极度婚礼策划	1	27	3	null	0	3	1
55	SuperStar婚纱礼服	1	24	1	null	0	0	1
55	Susan Shi	1	16	0	null	0	1	1
55	Sv简服装工作室 定制改衣 便民	1	35	16	null	0	0	1
55	Sweet Wedding彩妆	1	16	1	null	0	0	1
55	Sweeting婚礼策划	1	97	13	null	0	15	1
55	T.V 影像团队	1	11	9	null	0	0	1
55	TONY TAILOR西服礼服高级定制	1	98	5	79	3	5	1
55	TOP新娘个性婚纱礼服馆	1	2315	452	94	60	82	1
55	Teen Summer	1	16	7	80	1	0	1
55	The One Wedding婚礼制作统筹	1	10	0	null	0	2	1
55	Tong Bridal 彤婚纱礼服高级定制	1	137	41	91	15	4	1
55	UC彩妆造型	1	18	2	null	0	2	1
55	V STYLE婚纱礼服高级定制	1	259	213	90	16	17	1
55	V&I风尚婚纱礼服定制	1	113	162	92	20	3	1
55	V1婚礼公社	1	1262	25	88	1	12	1
55	V2视觉全球外景摄影机构	1	3181	624	93	61	44	1
55	VA私享定制·婧文婚礼策划	1	36	3	null	0	0	1
55	VIP蜜月网 海外婚礼、海外婚纱摄影	1	10	0	null	0	1	1
55	VISION薇荨婚纱礼服私家定制	1	285	623	90	24	7	1
55	VITA STUDIO摄影工作室	1	28	6	null	0	3	1
55	VIVIAN 婚纱彩妆	1	72	29	84	5	2	1
55	Vega Couture婚纱礼服高级定制	1	219	116	91	24	15	1
55	Vera Wang婚纱礼服	1	117	27	null	0	3	1
55	Vera Wang旗舰店	1	50	2	null	0	7	1
55	VeraWang white 婚纱体验店	1	868	75	88	1	11	1
55	Vera嫁衣馆	1	13	2	null	0	0	1
55	Ve印象馆婚纱摄影工作室	1	38	35	82	3	0	1
55	Vila婚纱礼服定制会馆	1	115	10	83	7	10	1
55	V美婚礼策划婚纱摄影工作室	1	11	0	null	0	0	1
55	V视觉摄影	1	1198	639	93	41	52	1
55	WECOUTURE高级定制	1	204	107	88	2	9	1
55	WQ高级婚纱礼服私人定制	1	52	11	88	1	2	1
55	White Wedding 国际顶级婚纱礼服会所	1	541	127	91	16	17	1
55	YAKA STUDIO 雅卡影像	1	19	9	null	0	1	1
55	YESIDO手工婚纱	1	864	31	86	9	14	1
55	YODA Wedding友达婚礼策划	1	71	1	null	0	3	1
55	YOSE彩妆工作室	1	20	0	null	0	0	1
55	YUANvision影像工作室	1	46	2	88	4	3	1
55	Yes I Do婚纱礼服高级定制	1	18	1	null	0	1	1
55	Yes!I Do 婚纱摄影	1	13	0	null	0	0	1
55	Yuna优娜高级婚纱礼服定制	1	10	0	null	0	0	1
55	ZEDA时尚快捷男装定制	1	336	619	74	6	18	1
55	ZHULING婚纱工作室	1	153	132	90	10	8	1
55	Zd婚纱礼服定制手工馆	1	11	1	null	0	2	1
55	ck视觉婚纱摄影	1	17	3	null	0	0	1
55	hotel G酒店宴会厅	1	111	20	76	2	4	1
55	i-STUDIO造型工作室	1	93	34	88	3	2	1
55	iSunny时尚新娘造型	2	69.5	43.5	88	1.5	1	1
55	idea婚礼主题创意服务公司	1	11	0	null	0	2	1
55	inG视觉工作室	1	10	7	null	1	0	1
55	loving wedding 乐薇婚礼	1	78	28	79	6	1	1
55	ohmyqueen老婆大人创意婚礼	1	15	0	null	0	1	1
55	phoebe高端私人化妆造型	1	12	0	null	0	0	1
55	stellalam 礼服旗舰店	1	19	2	null	0	0	1
55	tiffany	1	20	0	null	0	0	1
55	white salon国际臻品婚纱晚礼服定制	1	2507	37	90	11	95	1
55	【天空摄影】中国婚纱摄影幸福影像领导品牌	1	16409	831	93	71	123	1
55	一千一夜餐厅.婚宴	1	26	1	null	0	0	1
55	一口猪千禧大酒楼·婚宴	1	16	0	62	1	0	1
55	一品滇香酒楼·婚宴	1	26	0	null	0	0	1
55	一品花艺设计工作室	1	11	0	null	0	1	1
55	一品香山·婚宴	1	21	3	null	0	3	1
55	一坐一忘丽江主题餐厅·婚宴	1	2032	59	86	8	68	1
55	一小时健身营养工作室	1	12	0	null	0	1	1
55	一帆影像	1	12	1	88	1	0	1
55	一心精品婚纱礼服	1	10	0	null	0	0	1
55	一心精品婚纱礼服工作室	1	209	137	94	26	14	1
55	一搏千金钻石	1	184	152	92	103	10	1
55	一朵小院花艺工作室	1	14	9	null	2	0	1
55	一流绅仕礼服	1	13	1	66	2	0	1
55	一生圆梦婚纱摄影	1	29	7	80	3	0	1
55	一米阳光婚纱摄影机构	1	1388	277	85	56	45	1
55	一米阳光摄影工作室	1	27	45	null	4	3	1
55	一缕阳光影视工作室	1	16	4	null	0	1	1
55	一路相伴婚礼策划	1	12	2	null	0	0	1
55	一辰摄影工作室	1	22	2	null	0	1	1
55	丁和杨男士礼服西服定制	1	861	571	93	29	39	1
55	七公主婚纱馆	1	171	111	75	17	6	1
55	七叶香山·婚宴	1	108	2	88	2	4	1
55	七彩时尚婚礼服务会馆	1	23	2	null	0	3	1
55	七彩蝴蝶婚礼策划公司-七彩蝴蝶婚庆婚纱摄影机构	1	23	5	71	1	1	1
55	七月七婚纱摄影工作室	1	89	54	86	4	5	1
55	万博思奇婚礼策划工作室	1	13	1	null	0	0	1
55	万吉大丰和	1	197	5	71	2	1	1
55	万商花园酒店·婚宴	1	11	0	80	1	1	1
55	万方苑国际酒店·婚宴	1	28	1	null	0	1	1
55	万柳阁·婚宴	1	11	0	null	0	0	1
55	万爱酒店·婚宴	1	57	0	null	0	0	1
55	万豪卡通	1	23	0	80	1	0	1
55	万豪宴会厅	1	81	22	74	21	5	1
55	万豪酒店宴会厅	1	52	3	88	1	4	1
55	万达嘉华酒店·婚宴	1	48	2	null	0	0	1
55	万达索菲特大酒店·婚宴	1	351	7	null	0	9	1
55	万达索菲特大酒店宴会厅	1	869	73	92	30	8	1
55	万达铂尔曼大饭店中华厅	1	155	13	81	2	6	1
55	万龙洲海鲜大酒楼·婚宴	1	86	2	null	0	2	1
55	三北映像馆	1	212	133	86	7	2	1
55	三原目摄影工作室	1	241	439	92	21	6	1
55	三叶草日记婚礼策划	1	10	3	null	0	0	1
55	三叶草精致摄影	1	14	62	null	8	1	1
55	三景映像—私摄影	1	151	4	null	0	11	1
55	三月记忆摄影工作室	1	45	18	null	0	1	1
55	三段锦STUDIO	1	3576	1429	93	45	131	1
55	三石映像影像工作室	1	52	11	88	2	3	1
55	三野石摄影机构	1	718	427	90	13	58	1
55	上上流婚纱摄影工作室	1	27	55	80	7	2	1
55	上东盛贸饭店宴会厅	1	68	8	73	2	2	1
55	上海老饭店·婚宴	1	18	0	null	0	1	1
55	不舍微电影工作室	1	200	32	88	2	3	1
55	与时光摄影	1	13	2	null	0	1	1
55	专业婚礼造型	1	15	0	null	0	0	1
55	世泽一生私房嫁衣馆	1	16	3	null	0	1	1
55	世约婚纱礼服工作室	1	16	11	null	0	2	1
55	世纪华天大酒店·婚宴	1	24	0	80	1	1	1
55	世纪新娘时尚婚纱礼服	1	32	5	80	7	2	1
55	世纪昊晟	1	11	1	null	0	1	1
55	世纪昊晟婚庆	1	11	4	null	1	1	1
55	世纪谭府酒楼·婚宴	1	26	0	null	0	1	1
55	世纪金源大酒店国际厅	1	118	15	86	31	7	1
55	世纪金源大饭店·婚宴	1	13	0	null	0	0	1
55	世纪阳光假日酒店中餐厅	1	45	5	71	5	0	1
55	丘比特婚礼会馆	1	10	2	null	0	0	1
55	东东视觉婚纱写真工作室	1	106	6	75	10	3	1
55	东亚印象台湖	1	11	1	null	0	null	1
55	东兴楼饭庄·婚宴	2	61.5	0.5	0	0	2	1
55	东方君悦大酒店·婚宴	1	18	0	null	0	0	1
55	东方君悦大酒店宴会厅	1	90	13	81	13	4	1
55	东方恋人婚纱摄影	1	98	22	69	4	7	1
55	东方新娘婚纱摄影中心	1	11	0	null	0	0	1
55	东方盛妆新娘妆造型	1	14	3	null	0	1	1
55	东方红酒楼·婚宴	1	24	0	null	0	3	1
55	东方花园酒店·婚宴	1	28	0	null	0	1	1
55	东方龙宝婚纱摄影	1	12	4	83	3	0	1
55	东湖别墅宴会厅	1	26	1	null	0	1	1
55	东煌凯丽酒店·婚宴	1	11	0	null	0	0	1
55	东环廊婚庆	1	11	1	null	0	0	1
55	东田DMD专业摄影	1	12	11	null	0	4	1
55	东田婚纱摄影	1	359	11	null	0	34	1
55	东腾造影婚礼策划中心	1	12	4	null	0	1	1
55	丝路驿站	1	1528	808	77	201	46	1
55	两人世界婚礼策划	1	40	2	null	0	1	1
55	中8楼·婚宴	1	11	0	null	0	0	1
55	中信金陵酒店·婚宴	1	12	0	null	0	0	1
55	中关村皇冠假日酒店宴会厅	1	286	18	88	1	6	1
55	中冀斯巴鲁宾馆·婚宴	1	16	0	66	1	1	1
55	中凯娇子影楼	1	14	1	null	0	2	1
55	中国大饭店·婚宴	1	14	1	null	0	0	1
55	中国大饭店宴会厅	1	830	93	91	79	18	1
55	中国黄金	1	54	5	68	15	1	1
55	中央电视塔空中观景旋转餐厅·婚宴	1	322	1	null	0	5	1
55	中奥凯富国际酒店宴会厅	1	44	6	null	0	1	1
55	中奥华美达酒店·婚宴	1	12	1	null	0	0	1
55	中奥华美达酒店宴会厅	1	37	3	null	0	1	1
55	中奥马哥孛罗大酒店宴会厅	1	111	10	76	6	4	1
55	中奥马哥孛罗酒店·婚宴	1	83	8	88	2	1	1
55	中家鑫园温泉酒店·婚宴	1	14	0	null	0	0	1
55	中影大酒店·婚宴	1	10	0	null	0	0	1
55	中成天坛假日酒店宴会厅	1	54	2	66	2	1	1
55	中摄组婚礼记录	1	17	14	88	1	0	1
55	中环假日酒店·婚宴	1	20	0	null	0	0	1
55	中环假日酒店宴会厅	1	771	57	88	36	18	1
55	中飞华缘喜航婚庆有限公司	1	72	5	86	4	1	1
55	丰大国际大酒店·婚宴	1	94	1	88	1	1	1
55	丰大国际酒店宴会厅	1	76	6	75	3	2	1
55	丰泽园饭店·婚宴	2	65	0	0	0	3	1
55	丰联国际会馆.婚宴	1	14	0	null	0	0	1
55	临空皇冠假日酒店·婚宴	1	11	0	null	0	0	1
55	临空皇冠假日酒店宴会厅	1	16	0	null	0	0	1
55	丹纽瑞贝卡高级礼服定制中心	1	41	0	88	1	1	1
55	为爱婚纱	1	10	2	null	0	0	1
55	丽亭华苑酒店·婚宴	1	20	0	null	0	1	1
55	丽人风尚婚纱摄影	1	17	1	83	2	1	1
55	丽影99	1	56	70	88	14	1	1
55	丽思卡尔顿酒店·婚宴	2	45.5	0.5	0	0	1	1
55	丽思卡尔顿酒店大宴会厅	1	668	21	90	8	7	1
55	丽景婚礼策划	1	40	0	null	0	12	1
55	丽晶婚纱摄影	1	21	0	null	0	1	1
55	丽晶酒店·婚宴	1	15	1	null	0	0	1
55	丽晶酒店宴会厅	1	90	4	83	7	1	1
55	丽莎艺术影楼	1	27	2	80	2	1	1
55	丽都假日饭店宴会厅	1	39	4	80	4	2	1
55	丽都皇冠假日酒店·婚宴	1	472	6	80	1	22	1
55	丽都维景酒店宴会厅	1	87	3	70	1	3	1
55	丽都花园	1	45	15	null	0	1	1
55	丽音婚礼策划	1	32	0	null	0	1	1
55	久久花艺	1	10	2	null	0	0	1
55	久忆LOVE彩妆	1	18	0	null	0	0	1
55	久忆LOVE彩妆工作室	1	31	6	null	0	1	1
55	久爱喜糖	1	16	6	null	0	0	1
55	乌玛视觉摄影工作室‎	1	49	126	null	7	0	1
55	乐乐视觉摄影工作室	1	81	17	71	1	3	1
55	乐嫁婚礼顾问	1	10	0	null	0	0	1
55	乐忆典中式传统婚礼婚庆	1	18	4	null	0	0	1
55	乐悠悠婚纱店	1	27	3	null	0	0	1
55	乐派婚礼策划	1	6146	267	91	15	439	1
55	乐美婚礼策划	1	78	2	88	1	6	1
55	乐蜜婚礼策划	1	21	230	80	2	2	1
55	乔伊菲尔	1	18	6	null	0	1	1
55	乙十六喜宴堂·婚宴	1	1554	79	88	7	37	1
55	九九嘉	2	35	2	0	0	2	1
55	九兴钻石	1	23	7	80	3	2	1
55	九号写真馆	1	17	6	null	0	0	1
55	九头鸟酒家·婚宴	5	18.4	0.2	0	0	0.8	1
55	九头鹰酒家·婚宴	1	10	0	null	0	1	1
55	九如轩家府菜·婚宴	1	33	0	null	0	1	1
55	九月婚礼策划馆	1	99	74	86	8	7	1
55	九歌摄影工作室	1	19	7	73	9	1	1
55	二环里摄影	1	24	8	null	0	1	1
55	云儿彩妆造型工作室	1	50	78	83	2	6	1
55	云杰婚庆车队	1	17	3	null	0	0	1
55	云水阁婚庆	1	34	0	80	1	0	1
55	云海肴亭云幸福馆·婚宴	1	836	61	78	5	33	1
55	云裳视觉●定制简约摄影馆	1	215	65	86	11	9	1
55	云龙金阁大饭店·婚宴	1	27	0	null	0	0	1
55	五克拉创意婚礼	1	38	0	88	1	3	1
55	五家尧大酒店·婚宴	1	24	0	null	0	1	1
55	五星宴会外卖	1	27	17	88	1	1	1
55	五月主持人团队	1	12	4	88	1	0	1
55	五月风尚婚礼策划机构	1	74	19	88	4	3	1
55	五月风尚摄影工作室	1	33	14	72	6	2	1
55	五木西服	4	30.5	0.25	37.5	0.5	1.5	1
55	五洲友谊丝绸	1	23	22	null	0	2	1
55	五洲大酒店·婚宴	1	15	0	null	0	0	1
55	五洲大酒店大宴会厅	1	95	7	80	3	1	1
55	五洲皇冠国际酒店·婚宴	1	21	0	null	0	0	1
55	五洲皇冠国际酒店皇冠宴会厅	1	169	58	79	7	7	1
55	五粮液龙爪树宾馆·婚宴	1	10	0	null	0	0	1
55	亚光亚装饰	2	120	0	0	0	1.5	1
55	亚太礼仪婚庆公司(万珍楼)	1	20	0	null	0	1	1
55	亚太花园酒店·婚宴	1	13	0	null	0	0	1
55	亚奥国际酒店·婚宴	1	11	1	null	0	0	1
55	亚泰饭店宴会厅	1	71	4	79	3	2	1
55	亚洲大酒店·婚宴	1	11	0	null	0	0	1
55	亚瑟绅士礼服	1	25	0	null	0	1	1
55	亚赫钻石	1	69	52	86	20	7	1
55	享时光宴会顾问	1	15	4	null	0	2	1
55	京仪大酒店怡园中餐厅	1	317	66	70	37	6	1
55	京凤创意婚纱会馆	1	17	4	80	2	0	1
55	京味楼·婚宴	1	83	1	null	0	3	1
55	京城视觉摄影	1	59	20	88	2	4	1
55	京林大厦·婚宴	1	20	0	null	0	0	1
55	京民大厦酒店宴会厅	1	54	1	63	11	0	1
55	京英形象	1	42	22	87	5	1	1
55	京都信苑饭店·婚宴	1	11	0	null	0	0	1
55	亮堂品菜.婚宴	1	94	1	80	1	0	1
55	亮马河大厦·婚宴	1	32	40	79	10	2	1
55	人民大会堂宴会厅	1	1400	197	91	94	40	1
55	人济万怡酒店·婚宴	1	12	0	null	0	0	1
55	亿和水下摄影	1	95	7	null	0	2	1
55	亿多瑞站·婚宴	1	121	5	85	3	10	1
55	什刹海会馆·婚宴	1	171	1	null	0	15	1
55	仁毅缘婚礼策划	1	11	1	null	0	1	1
55	今日永恒婚庆	1	10	1	null	0	0	1
55	今生缘婚庆婚纱摄影	1	43	0	62	1	3	1
55	他她婚纱摄影工作室	1	58	2	null	0	4	1
55	他她蜜语私人婚礼定制	1	19	0	null	0	1	1
55	他她诺言婚礼策划工作室	1	25	47	82	5	1	1
55	仙度瑞拉婚礼策划	1	12	2	null	0	1	1
55	仟喜良缘婚庆	1	10	1	null	0	0	1
55	以琳影像	1	57	29	null	0	0	1
55	仿膳饭庄·婚宴	1	57	1	null	0	4	1
55	伊丹俪婚纱礼服	1	36	9	80	1	1	1
55	伊人湾高端婚纱摄影机构	1	32	16	88	2	3	1
55	伊尹海参馆.婚宴	1	28	0	null	0	1	1
55	伊斯坦布尔·婚宴	1	10	0	null	0	0	1
55	伊水年华婚礼顾问	1	54	12	88	1	5	1
55	伊洛斯（北京）婚仪私属定制	1	464	19	89	15	36	1
55	伊特诺婚纱礼服高级定制	1	293	225	92	20	18	1
55	伊珂星钻石直销机构	1	116	5	88	3	7	1
55	伊珍源饭庄	1	144	55	61	84	4	1
55	伊甸园婚礼策划	1	30	0	null	0	2	1
55	伊缘圆婚礼策划	1	60	16	80	8	4	1
55	伊若阁婚庆·婚纱摄影	1	267	25	88	3	11	1
55	伊莎贝儿摄影	1	144	5	88	4	3	1
55	伊诺婚礼策划	1	37	10	88	2	1	1
55	伊贝姿婚纱	1	16	2	67	4	0	1
55	伊锦园·婚宴	1	88	2	null	0	5	1
55	众时尚摄影工作室	1	63	68	82	9	1	1
55	优妮婚纱礼服	1	208	40	89	10	10	1
55	优悦婚礼策划	1	3578	414	91	78	138	1
55	优纱汇婚纱大道	1	13	16	79	7	0	1
55	优美婚纱礼服馆	1	11	1	null	0	1	1
55	优蔻坊形象设计	1	14	1	null	0	0	1
55	优衫定制西服男士礼服西装	1	7677	1156	92	55	349	1
55	伟红婚纱造型	1	10	0	null	0	1	1
55	传奇时尚摄影	1	13	1	null	0	0	1
55	伯爵国际婚礼策划	1	13	27	null	7	0	1
55	伯豪瑞廷酒店宴会厅	1	74	1	83	2	4	1
55	伶汀定制	1	10	0	null	0	0	1
55	佐田雷蒙西服定制	1	25	4	null	0	4	1
55	佑安大酒店·婚宴	1	10	0	null	0	1	1
55	佰喜汇婚礼策划	1	11	1	null	0	1	1
55	佰思伍德婚礼策划	1	45	6	88	7	2	1
55	佰斯葳汀高端婚礼定制	1	94	4	66	1	5	1
55	佳丽婚纱摄影	1	34	9	null	0	2	1
55	佳人婚纱	1	17	0	null	0	2	1
55	佳人婚纱影楼	1	18	0	80	1	1	1
55	佳人婚纱摄影	1	26	0	66	1	1	1
55	佳合缘缘婚庆	1	11	0	null	0	0	1
55	佳宝情缘婚礼策划	1	11	1	null	0	1	1
55	佳美娜高端婚礼策划	1	539	119	91	17	37	1
55	佳艺摄影工作室	1	13	0	null	0	0	1
55	佳龙阳光酒店宴会厅	1	88	6	79	10	5	1
55	依恋彩妆造型工作室	1	16	8	null	0	1	1
55	依朵嫁衣坊	1	71	104	85	17	2	1
55	依洛丝钻石定制	1	26	74	80	27	0	1
55	依琳婚礼策划	1	15	4	84	5	1	1
55	依蓝公主婚纱彩妆馆	1	157	121	90	11	4	1
55	依诺婚纱造型工作室	1	55	16	88	1	2	1
55	依诺馨缘婚礼策划	1	26	9	80	1	2	1
55	侬侬婚礼策划	1	17	2	null	0	2	1
55	侬浓高端婚纱摄影工作室	1	305	108	90	11	7	1
55	便宜坊(三里屯店).婚宴	1	57	1	null	0	2	1
55	便宜坊·婚宴	1	54	0	null	0	1	1
55	便宜坊烤鸭店·婚宴	2	522.5	4.5	40	0.5	5.5	1
55	便宜坊食府	1	19	1	null	0	0	1
55	俏Wedding 婚礼策划	1	280	55	85	5	20	1
55	俏妞婚嫁坊	1	21	0	null	0	0	1
55	俏江南	1	33	1	null	0	2	1
55	俏江南·婚宴	12	68.5	0.75	5.92	0.08	2	1
55	保利摄影	2	54	8	85.5	3.5	0	1
55	俪庭婚礼	1	15	1	null	0	0	1
55	俪影.永恒摄影	1	11	1	null	0	1	1
55	倾世情缘婚纱、礼服	1	12	2	null	0	0	1
55	倾城恋人摄影	1	183	39	84	5	8	1
55	倾城私家婚礼顾问	1	43	26	85	3	5	1
55	倾心婚礼策划	1	14	2	null	0	0	1
55	健一公馆·婚宴	2	50.5	0	0	0	2	1
55	傅氏裁缝	1	33	14	null	0	0	1
55	傲虎婚礼策划	1	10	1	76	2	1	1
55	儒宴孔府菜·婚宴	2	64	0	40	0.5	2.5	1
55	元素视觉摄影	1	34	27	88	1	3	1
55	兄弟川菜·婚宴	1	14	0	null	0	0	1
55	兆龙饭店龙禧多功能厅	1	131	35	82	16	9	1
55	先恩尼钻石	1	10	2	null	0	0	1
55	光影人生数字电影工作室	1	38	9	88	2	1	1
55	光影摄影工作室	1	140	12	88	1	4	1
55	光语视觉	1	71	75	90	10	0	1
55	克拉99	1	27	28	79	17	3	1
55	克莉丝汀	1	18	2	null	0	1	1
55	兔子气球	1	20	0	null	0	0	1
55	全城恋爱婚礼策划	1	12	3	null	0	0	1
55	全城热恋婚纱摄影	1	27	0	null	1	0	1
55	全城热恋钻石商场	3	167	50.33	83	63.33	6.33	1
55	全球顶级礼服正品租赁	1	46	12	null	0	2	1
55	全聚德烤鸭店·婚宴	2	864	4.5	40	0.5	8	1
55	全诚恋爱策划中心	1	12	0	null	0	0	1
55	全鑫园烤鸭店·婚宴	1	18	0	null	0	1	1
55	八月恋影摄影	1	72	15	74	3	3	1
55	八月海岸	1	17	6	null	4	1	1
55	八月海岸婚纱摄影	1	211	8	80	1	4	1
55	八月照相馆	1	12420	2629	91	367	428	1
55	八月照相馆ASEA婚礼策划	1	67	0	null	0	1	1
55	八月视觉婚纱摄影馆	2	125.5	218.5	78.5	4	3.5	1
55	八月记忆照相馆	1	124	73	87	10	4	1
55	八月铭人婚纱摄影	1	401	17	null	0	7	1
55	八月风尚婚纱摄影	1	15	49	null	0	2	1
55	八月风情婚纱摄影	1	12	0	null	0	0	1
55	八月风情摄影工作室	1	14	139	80	18	1	1
55	八零慧婚纱摄影	1	26	0	null	0	1	1
55	公主嫁到婚纱摄影	1	29	1	88	1	0	1
55	公主嫁到时尚婚纱摄影	1	33	1	88	3	0	1
55	公主嫁衣婚纱摄影	1	10	1	null	0	0	1
55	公主日记婚庆坊	1	1583	194	92	19	87	1
55	公馆摄影	1	205	125	84	15	5	1
55	六久视觉摄影工作室	1	223	40	80	2	1	1
55	六库订制_高级手工定制婚鞋	1	16	0	null	0	0	1
55	兰亭叙	1	10	2	null	0	0	1
55	兰亭故事婚礼策划	1	748	41	91	16	39	1
55	兰亭集势婚纱礼服	1	14	1	null	0	1	1
55	兰悦婚纱礼服私人定制	1	197	37	89	11	2	1
55	兰慕LAMUU私人定制	1	136	161	83	11	3	1
55	兰摩婚纱礼服	1	37	54	82	24	1	1
55	兰玉高级定制	1	301	104	88	2	13	1
55	兰菲雅摄影	1	15	7	null	0	0	1
55	兰诺婚纱礼服生活馆	1	237	91	78	3	9	1
55	兰锦春国际婚礼服务	1	11	2	null	0	0	1
55	兰雅国际婚纱摄影机构	1	19	6	82	3	2	1
55	兰黛婚庆	1	13	0	null	0	0	1
55	兰黛婚礼会馆	1	13	0	null	0	2	1
55	兴基铂尔曼饭店·婚宴	1	17	0	null	0	0	1
55	兴百轩黄金珠宝	2	23.5	7.5	82.5	6	2	1
55	典唐国际婚纱摄影	2	189	20.5	43.5	3	7	1
55	内蒙古大厦·婚宴	1	35	0	null	0	0	1
55	冰澜摄影	1	187	71	89	13	4	1
55	冰点印象摄影工作室	2	255.5	126.5	120.5	9.5	9	1
55	净雅大酒店	1	19	1	null	0	2	1
55	净雅大酒店·婚宴	1	99	0	null	0	7	1
55	凝曦影坊京剧摄影工作室	1	292	147	90	10	8	1
55	凝菱紫风婚纱会所	1	38	4	71	1	3	1
55	凡嘉婚礼策划	1	41	12	88	1	4	1
55	凡客摄影工作室	1	34	13	89	9	1	1
55	凤凰传奇婚纱摄影	1	44	2	88	1	2	1
55	凤凰传奇摄影工作室	1	30	1	null	0	0	1
55	凤喜凰缘婚纱礼服	1	22	5	88	1	0	1
55	凤庆云典商务服务有限公司	1	11	0	null	0	0	1
55	凤翼天祥庆典	1	13	7	null	0	0	1
55	凯宾斯基饭店·婚宴	1	82	7	79	14	2	1
55	凯撒租车	1	23	4	null	0	1	1
55	凯斯摩尔婚礼策划	3	306.67	63.67	59.33	5	22	1
55	凯瑞御仙都·婚宴	1	68	1	null	0	1	1
55	凯瑟琳婚纱摄影会馆	1	3772	25	88	4	6	1
55	凯维海外婚纱摄影	1	184	37	89	5	11	1
55	凯迪克格兰云天大酒店·婚宴	1	14	0	null	0	1	1
55	列昂定制婚礼基地	2	14.5	3	44	0.5	0.5	1
55	刘浩然钻石行	2	356	64.5	87	27	13	1
55	创思映画摄影机构	1	15	5	80	1	0	1
55	创意蛋糕坊	1	31	1	null	0	0	1
55	初见形象工作室	1	19	0	null	0	3	1
55	别致薄荷婚礼策划	1	10	5	null	0	0	1
55	前锐成衣订制时尚会所	1	10	0	null	0	0	1
55	剪不断的爱婚礼策划	1	10	1	null	0	0	1
55	力尚摄影工作室	1	40	4	78	4	1	1
55	励骏酒店·婚宴	1	10	1	null	0	1	1
55	励骏酒店凡尔赛宴会厅	1	254	12	85	4	7	1
55	劳斯莱斯古斯特婚车租赁	1	19	0	null	0	0	1
55	勾单定制	1	89	30	88	1	4	1
55	化妆	2	11.5	1.5	0	0	0	1
55	化妆造型	2	13	1	0	0	0	1
55	北京168婚庆公司	1	53	8	85	2	2	1
55	北京HY高端婚礼策划公司	1	31	0	null	0	1	1
55	北京NV化妆培训	1	15	0	null	0	0	1
55	北京上东盛贸饭店·婚宴	1	139	5	null	0	5	1
55	北京东升凯莱酒店·婚宴	1	12	0	null	0	1	1
55	北京中航泊悦酒店·婚宴	1	281	18	null	0	14	1
55	北京中视新印象文化传播有限公司	1	22	0	null	0	2	1
55	北京九月鹰飞古装摄影工作室	1	3806	652	93	73	45	1
55	北京云朵婚纱摄影	1	30	7	81	5	0	1
55	北京京瑞温泉国际酒店·婚宴	1	12	1	null	0	0	1
55	北京亮·婚宴	1	361	1	null	0	10	1
55	北京凯悦化妆造型团队	1	11	3	null	0	1	1
55	北京化妆师团队	1	14	0	null	0	0	1
55	北京华尔道夫酒店·婚宴	1	102	5	80	1	0	1
55	北京卡芒摄影工作室	1	12	0	null	0	1	1
55	北京吉美嫁艺婚纱礼服旗舰店	1	11	2	null	0	0	1
55	北京和园景逸大酒店·婚宴	1	11	0	null	0	1	1
55	北京嘉里大酒店	1	192	98	83	37	2	1
55	北京嘉里大酒店·婚宴	1	20	1	null	0	2	1
55	北京天通苑黄河京都会议中心·婚宴	1	11	0	null	0	0	1
55	北京富力万丽酒店·婚宴	1	19	0	null	0	0	1
55	北京富力万丽酒店宴会厅	1	144	8	79	5	9	1
55	北京巴黎之恋婚纱摄影	1	985	233	92	35	22	1
55	北京巴黎恋人婚纱摄影名店	1	200	263	90	25	6	1
55	北京希尔顿酒店·婚宴	1	206	23	83	7	8	1
55	北京幸福一生摄影	1	12	4	null	0	0	1
55	北京幸福印象婚纱摄影工作室	1	13	17	85	3	0	1
55	北京摩登印象文化传媒有限公司	1	18	0	null	0	2	1
55	北京方方方摄影机构	1	2589	1175	93	123	98	1
55	北京时尚彩妆造型	2	22.5	3.5	0	0	0.5	1
55	北京法蒂卡罗旅游婚纱摄影	1	11	13	86	10	1	1
55	北京海润艾丽华酒店北京厅	1	79	12	74	3	4	1
55	北京焦糖人生婚礼会馆	1	16	0	null	0	1	1
55	北京爱尚玛奇朵婚礼策划工作室	1	13	0	null	0	0	1
55	北京爱悦婚礼顾问	1	10	2	null	0	0	1
55	北京爱诺薇拉文化传媒有限公司	1	11	0	null	0	0	1
55	北京祥和华典婚礼策划	1	313	25	90	10	13	1
55	北京米兰尊荣婚纱摄影	1	22	0	null	0	3	1
55	北京紫藤园摄影中心	1	25	9	null	0	0	1
55	北京红绣球高端婚礼策划	2	40.5	4	43	5	1.5	1
55	北京纯摄影工作室	1	68	19	80	1	2	1
55	北京纯美婚纱摄影	1	15	0	null	0	1	1
55	北京纽约纽约婚礼策划	1	24	0	null	0	1	1
55	北京缘梦司仪组	1	37	1	88	1	1	1
55	北京羽健印象婚礼顾问公司	1	33	13	86	5	4	1
55	北京胭脂醉古装摄影	1	960	74	74	9	16	1
55	北京良人婚纱摄影连锁机构	2	184.5	98	81	30.5	6.5	1
55	北京艾蒂尔婚礼策划	1	24	1	null	0	0	1
55	北京花嫁丽人婚礼策划	1	16	0	null	0	2	1
55	北京花样年华婚纱社	1	5900	410	88	2	14	1
55	北京蒙娜丽莎婚纱摄影	1	16	0	null	1	0	1
55	北京诺曼斯婚礼策划公司	1	29	5	null	0	3	1
55	北京诺维亚婚纱店	1	19	1	null	0	0	1
55	北京金凯婚庆服务中心	1	24	0	null	0	1	1
55	北京金夫人东单旗舰店	1	81	0	null	0	1	1
55	北京金色罗马婚纱摄影	2	129	6	45	5	6	1
55	北京金都假日酒店·婚宴	1	15	1	null	0	0	1
55	北京青木社摄影创作中心	1	51	3	88	1	5	1
55	北京饭店·婚宴	1	26	0	77	5	1	1
55	北京饭店宴会厅	1	958	94	93	51	22	1
55	北京饭店莱佛士·婚宴	1	24	0	null	0	2	1
55	北京首都机场朗豪酒店·婚宴	1	15	0	71	1	0	1
55	北京香格里拉饭店新阁大宴会厅	1	64	0	88	1	4	1
55	北京龙迪鸿旺服装有限公司	1	13	0	null	0	0	1
55	北容酒楼·婚宴	2	27.5	0.5	0	0	1	1
55	北岸摄影	1	40	3	73	2	0	1
55	北摄影 (高端婚纱摄影领导者)	1	702	19	88	6	31	1
55	北斗星酒店	1	19	0	80	1	1	1
55	北爱视觉摄影馆	1	172	5	70	1	7	1
55	北纬29°婚纱摄影工作室	1	20	4	79	8	0	1
55	北辰洲际酒店·婚宴	1	16	0	null	0	0	1
55	北辰洲际酒店大宴会厅	1	137	7	85	2	4	1
55	北遇映画摄影机构	1	832	544	90	12	30	1
55	十一摄影工作室	1	26	6	80	1	0	1
55	十指相扣婚礼策划	1	10	0	null	0	1	1
55	十月嫁坊	1	71	28	87	5	3	1
55	十里红妆婚礼策划	1	18	6	null	0	0	1
55	千丝绣	1	25	2	null	0	1	1
55	千喜金缘婚庆	1	14	0	88	1	0	1
55	千奇华彩婚礼策划	1	28	22	76	4	2	1
55	千禧圆婚纱礼服	1	126	69	91	18	1	1
55	千禧大酒店宴会厅	1	140	10	85	2	3	1
55	午后映像摄影工作室	1	185	60	80	3	3	1
55	华丰洋服	1	31	5	83	2	1	1
55	华乐宫餐厅	1	41	6	76	2	2	1
55	华侨大厦·婚宴	1	10	0	null	0	0	1
55	华北宾馆·婚宴	1	32	0	null	0	0	1
55	华天又一顺饭庄	1	1697	1783	75	376	45	1
55	华天峨嵋酒家·婚宴	3	133.33	1	23.33	1	4	1
55	华宇假日酒店宴会厅	1	96	39	77	9	5	1
55	华宇映像婚纱摄影机构	1	12	2	null	0	0	1
55	华尔兹钻石会所	1	10	0	null	0	0	1
55	华尧一品食府.婚宴	1	29	1	null	0	0	1
55	华彬中心（洛可可婚礼堂）	1	472	15	null	0	8	1
55	华滨国际大酒店金凤凰宴会厅	1	35	1	66	1	2	1
55	华腾缘婚礼策划	1	12	5	null	0	0	1
55	华腾美居酒店宴会厅	1	20	1	null	0	0	1
55	华芬嫁衣工作室	1	96	24	85	2	3	1
55	卓悦婚礼策划	1	28	0	null	0	2	1
55	南北一家·婚宴	1	15	0	null	0	2	1
55	南宫温泉度假酒店宴会厅	1	152	19	null	0	1	1
55	南希婚礼	1	10	2	null	0	1	1
55	南瓜马车婚礼策划	1	58	6	88	3	5	1
55	南粤苑宾馆香江厅	1	79	6	75	9	4	1
55	南草坪花园餐厅.婚宴	1	42	3	80	1	2	1
55	博宇星空婚庆	1	16	1	null	0	2	1
55	博瑞西服礼服定制	1	133	11	80	4	9	1
55	卜马工作室	2	48	4	0	0	4	1
55	卡其视觉.私人定制高端摄影	1	198	71	86	9	5	1
55	卡农婚纱摄影	1	11	4	null	0	0	1
55	卡哇伊彩妆工作室	1	14	3	null	0	0	1
55	卡尔漫视觉摄影	2	13.5	4	0	0	0.5	1
55	卡尼尔彩妆	2	313.5	87.5	45.5	8.5	11.5	1
55	卡洛淇彩妆造型	1	23	1	null	0	0	1
55	卡缇爱婚礼顾问	1	20	3	90	13	0	1
55	卡罗婚纱摄影工作室	1	24	101	82	4	2	1
55	卡萨印象摄影工作室	1	10	64	82	6	0	1
55	卡诺婚礼会馆	1	10	5	82	4	1	1
55	印象今昔婚纱摄影工作室	1	13	12	null	0	1	1
55	原香小镇怡家	1	11	0	null	0	0	1
55	友紫缘时尚婚纱礼服馆	1	12	2	80	1	0	1
55	友缘花艺婚礼策划	1	348	148	90	14	27	1
55	友谊宾馆·婚宴	1	44	0	71	1	0	1
55	双井轩·婚宴	1	109	0	null	0	8	1
55	双重爱婚纱工房	1	19	1	null	0	4	1
55	叠玉宾馆	1	18	1	71	1	1	1
55	古井红运创意婚礼	1	13	0	null	0	0	1
55	古德楼·婚宴	1	12	0	null	0	1	1
55	古装情影视摄影工作室	1	10	1	null	0	0	1
55	古韵古装摄影	2	775.5	491	46.5	82	16	1
55	古韵摄影	1	25	0	null	0	2	1
55	古风画影高端摄影	1	875	655	92	18	21	1
55	古风雅韵摄影	1	108	58	86	15	2	1
55	可可佳人婚纱艺术摄影工作室	1	15	2	76	2	0	1
55	可可婚纱馆	1	146	19	88	9	2	1
55	可可私人化妆造型	1	13	6	null	0	0	1
55	可姿摄影	1	12	0	null	0	0	1
55	台北ROSE婚纱礼服	1	63	87	75	11	2	1
55	台北新娘婚纱摄影	1	19	0	null	0	0	1
55	台湾严选视觉机构	1	38	2	88	1	1	1
55	右视觉摄影机构	1	29	21	null	0	0	1
55	吃堡没	1	49	0	71	1	4	1
55	各睿思高端婚礼化妆造型	1	20	2	null	0	1	1
55	合众建国饭店·婚宴	1	27	1	71	1	0	1
55	合家欢婚礼策划	1	13	4	null	0	2	1
55	合川大酒楼·婚宴	1	32	0	null	0	1	1
55	合拍SELFIE自拍照相馆	1	12792	333	90	11	55	1
55	吉姆兄弟服装定制	1	15	2	null	0	1	1
55	吉安娜国际婚礼连锁机构	3	13	3.33	0	0	1.67	1
55	吉庆祥和婚庆	1	10	0	null	0	0	1
55	吉时雨婚庆服务中心	1	12	0	null	0	1	1
55	吉祥婚纱	2	311.5	333	92	34.5	11.5	1
55	吉祥鸟婚礼策划	1	16	4	null	0	1	1
55	吉诺摄影	1	12	144	null	12	0	1
55	同享吉日婚礼策划	1	134	8	88	4	8	1
55	同创婚礼策划	1	843	226	89	5	17	1
55	同和居饭店·婚宴	1	53	2	null	0	2	1
55	同心婚礼策划	1	10	0	null	0	1	1
55	同心缘婚纱旗袍礼服	1	11	2	null	0	1	1
55	同春园·婚宴	1	33	0	null	0	1	1
55	名人国际大酒店宴会厅	1	11	5	null	0	2	1
55	名人堂婚礼主题会馆	1	45	3	71	2	4	1
55	名媛人像摄影	1	29	0	67	7	0	1
55	名媛化妆造型工作室	1	13	4	null	0	0	1
55	名媛嫁衣婚纱礼服定制	1	28	47	88	4	2	1
55	名宴婚纱礼服定制定做店	1	408	309	92	28	6	1
55	名尚视觉婚纱摄影	1	25	1	62	1	0	1
55	名扬花艺婚礼会馆	1	10	1	null	0	1	1
55	名流印象摄影	1	165	34	66	12	6	1
55	名门婚礼会馆	1	24	6	null	0	3	1
55	名阁婚礼私属定制	1	773	177	94	44	44	1
55	名阁婚礼策划	1	25	3	null	0	2	1
55	后宫琥珀翡翠	1	42	0	88	1	0	1
55	后殿宴会厅	1	10	2	57	1	1	1
55	向阳婚庆	1	14	1	null	0	0	1
55	吕氏制衣	1	14	4	null	0	1	1
55	君祥男士礼服西服定制	1	389	198	94	35	22	1
55	吴刚影楼	1	24	0	null	0	0	1
55	吴刚摄影	2	147.5	20.5	79.5	10	7	1
55	吴海燕彩妆工作室	1	19	8	null	0	1	1
55	呆牛影像	1	45	38	86	7	2	1
55	周大福	1	286	55	85	51	17	1
55	和摄影工作室	1	421	480	91	68	15	1
55	和维嫁衣	1	14	13	null	0	2	1
55	和美盛典婚庆	1	19	3	88	1	0	1
55	和芳苑(阜成门店).婚宴	1	12	1	null	3	0	1
55	咏爱一生婚庆	1	56	14	88	1	1	1
55	咔勒摄影工作室	1	89	36	81	11	12	1
55	咔咔摄影	1	326	355	90	8	6	1
55	咸亨酒店	1	17	2	null	0	0	1
55	咸亨酒店·婚宴	3	32	0.33	23.67	0.33	2.67	1
55	咸园创意婚礼定制	1	11	2	null	0	0	1
55	品味空间*真实客片展示*口碑商家*	1	600	307	91	20	24	1
55	品尚彩妆团队	1	12	1	null	0	1	1
55	品微婚礼策划	1	202	34	88	3	14	1
55	品拉婚礼策划	1	526	210	92	20	29	1
55	品爱婚礼会馆	1	43	41	null	0	2	1
55	品爱阁婚庆公司	1	11	1	null	0	1	1
55	品纱彩妆造型精品定制婚纱馆	1	64	43	90	9	1	1
55	品色摄影	1	62	5	65	4	0	1
55	品视觉STUDIO	1	142	108	93	29	0	1
55	品视觉婚纱摄影会馆	1	10	0	null	0	0	1
55	品韵今生	1	66	0	null	0	3	1
55	品韵今生婚庆	2	130	6.5	85.5	7.5	5	1
55	品高婚礼策划会馆	1	21	16	76	2	0	1
55	哇哦创意主题影楼	1	14	0	null	0	0	1
55	哈喽新娘婚礼定制会馆	2	238	117.5	44.5	4.5	8	1
55	哈尼喜铺	1	23	4	66	1	0	1
55	哈尼视觉婚纱摄影	1	10	0	null	0	0	1
55	响亮婚礼策划	1	13	0	null	0	0	1
55	哥弟摄影-简单-真实-自然	1	230	411	92	16	9	1
55	唐人街海鲜自助餐厅·婚宴	1	32	0	null	0	1	1
55	唐公馆	2	97.5	5.5	44	0.5	1	1
55	唐宫海鲜舫·婚宴	4	156.25	1	22	0.25	2	1
55	唐廊餐厅(护国寺店).婚宴	1	62	0	null	0	2	1
55	唐拉雅秀酒店宴会厅	1	117	7	78	5	5	1
55	唧唧喳喳照相馆	1	49	7	null	0	3	1
55	唯一兄弟	1	52	7	88	1	1	1
55	唯一婚礼策划机构	1	12	52	null	0	0	1
55	唯一定制 Vee's Velvet	1	174	332	90	10	4	1
55	唯一浪漫求婚策划	1	13	3	null	0	0	1
55	唯一视觉	1	17	0	null	0	0	1
55	唯一视觉摄影工作室	1	136	79	81	7	6	1
55	唯尊视界摄影工作室	1	84	14	80	2	2	1
55	唯斯汀婚礼新概念	1	11	2	null	0	0	1
55	唯爱丽纱婚纱摄影	1	19	9	null	0	1	1
55	唯爱印象婚纱摄影工作室	1	13	0	null	0	0	1
55	唯爱幸福馆	3	27.33	2.67	57	1.33	1.33	1
55	唯爱阁婚礼策划	1	68	0	80	1	6	1
55	唯美一生婚庆公司	1	12	3	null	0	1	1
55	唯美盛典婚庆公司	1	33	86	null	0	2	1
55	唯誓婚纱礼服会所	1	398	199	84	7	26	1
55	唯诺婚礼	1	14	2	null	0	0	1
55	啄木鸟婚纱摄影	6	65.5	4.17	36.33	1.5	3.33	1
55	啦非视觉摄影馆	1	165	57	90	15	8	1
55	善水婚纱摄影会馆	1	22	0	62	1	2	1
55	喜事多婚礼策划	1	299	30	88	4	11	1
55	喜事网	1	54	9	71	13	2	1
55	喜事网如若婚纱	1	24	26	82	7	1	1
55	喜加喜	1	15	1	64	3	1	1
55	喜双喜婚庆	1	42	6	88	2	7	1
55	喜喜婚纱礼服定制工厂店	1	183	421	92	43	3	1
55	喜喜婚纱礼服工厂店	1	72	137	90	10	3	1
55	喜堂高级人物摄影	1	85	36	81	5	0	1
55	喜多坊婚纱	1	23	1	null	0	0	1
55	喜多影楼	3	31.67	6	47.67	2	2	1
55	喜太郎婚庆	1	12	3	null	2	0	1
55	喜宝汇婚礼策划	1	16	3	null	0	1	1
55	喜庆堂婚礼庄园	1	314	16	80	1	12	1
55	喜庆堂婚礼策划	1	86	10	90	10	5	1
55	喜庆有余	1	58	4	66	4	2	1
55	喜悦小铺婚纱礼服	1	12	8	null	0	0	1
55	喜成喜婚庆	1	13	1	null	0	0	1
55	喜拉拉婚礼策划中心	1	70	4	null	0	4	1
55	喜摄影工作室	1	696	343	94	25	27	1
55	喜时JoyMoment	1	14	1	null	0	0	1
55	喜来喜婚庆服务中心	1	14	1	71	1	0	1
55	喜满堂	1	103	16	80	3	4	1
55	喜爱吉缘婚礼策划	1	12	1	null	0	0	1
55	喜牵幸福婚庆服务中心	1	12	1	null	0	3	1
55	喜相缘婚礼策划	1	17	1	null	0	2	1
55	喜糖(世纪相恋喜铺)	1	14	1	null	0	0	1
55	喜糖坊	1	73	40	78	10	5	1
55	喜糖超市	3	93.33	18	52	1.33	2.33	1
55	喜藤婚纱礼服馆	1	44	95	80	22	0	1
55	喜誓婚礼策划	1	33	7	null	0	1	1
55	喜诺时尚婚纱摄影工作室	1	12	0	null	0	0	1
55	喜都婚纱摄影	1	25	10	71	1	1	1
55	喜酒惠喜宴用酒会员店	1	99	6	80	1	2	1
55	喜鹊摄影工作室	1	57	10	88	3	1	1
55	嘉伊摄影工作室	1	30	30	84	12	3	1
55	嘉嘉婚纱礼服	1	33	43	82	12	2	1
55	嘉妤虹创意婚礼	1	150	2	88	1	14	1
55	嘉琪彩妆造型工作室	1	45	13	88	1	0	1
55	嘉石阳光婚庆	1	90	118	88	6	8	1
55	嘉禾双子座婚礼策划有限公司	1	15	0	null	0	1	1
55	嘉纳时光婚礼策划	1	79	127	85	14	8	1
55	嘉艺麦田国际文化传媒	1	13	0	null	0	2	1
55	嘉蒂雅婚纱摄影	2	128.5	55.5	77.5	6	7.5	1
55	嘉蒂雅时尚婚纱摄影	1	16	1	88	1	0	1
55	嘉颐百合婚庆	1	26	2	70	1	1	1
55	囍玛车队	1	23	6	null	0	0	1
55	四叶草婚礼策划会馆	1	15	0	null	0	2	1
55	四叶草婚纱礼服	1	14	0	null	0	4	1
55	四叶草婚纱礼服馆	1	29	1	null	0	2	1
55	四叶草摄影工作室	1	54	122	83	7	2	1
55	四叶草爱意摄影	1	74	1	null	0	4	1
55	四季御园生态园·婚宴	1	19	0	null	0	1	1
55	四季情缘婚礼策划	1	13	0	null	0	0	1
55	四季童话婚纱摄影	1	500	353	88	9	18	1
55	四季酒店·婚宴	1	10	0	null	0	0	1
55	四川饭店·婚宴	1	50	1	null	0	3	1
55	回归摄影工作室	1	112	72	85	10	1	1
55	因为爱婚礼策划	2	147.5	11	87	3	5	1
55	因为爱情私人婚礼定制工作室	1	10	1	null	0	1	1
55	国华商场	1	389	75	83	339	19	1
55	国华酒楼·婚宴	1	21	0	null	0	1	1
55	国天佳祺婚礼策划	1	25	0	80	1	1	1
55	国家会议中心宴会厅	1	1086	30	79	40	38	1
55	国贸大酒店群贤宴会厅A厅	1	256	21	90	12	2	1
55	国贸饭店宴会厅	1	38	5	79	4	0	1
55	国际艺苑皇冠假日酒店宴会厅	1	14	2	72	3	2	1
55	国际香港奈特丽婚纱	1	27	4	80	1	1	1
55	图兰朵婚礼人培训机构	1	12	0	null	0	0	1
55	图兰朵婚纱摄影	1	34	552	72	7	1	1
55	圆元缘婚礼策划	1	10	0	null	0	1	1
55	圆喜阁婚庆	1	16	0	null	0	2	1
55	圆喜阁高端婚礼会馆	1	15	0	null	0	1	1
55	圆缘情缘婚礼策划	1	22	0	null	0	1	1
55	土土门创意工作室	1	254	42	88	1	4	1
55	圣世苑温泉大酒店·婚宴	1	42	2	81	2	2	1
55	圣伽罗兰高级定制企事业团体定制	1	14	0	null	0	0	1
55	圣典高端婚礼策划馆	1	34	4	null	0	1	1
55	圣喜年婚庆礼仪	1	10	2	null	0	0	1
55	圣爱婚纱摄影	1	15	0	80	1	0	1
55	圣瓦伦丁婚纱摄影	1	12	0	null	0	1	1
55	圣瓦伦丁精致婚纱摄影	1	296	199	91	19	11	1
55	圣达祥婚庆	1	11	0	null	0	1	1
55	圣迪亚婚纱礼服	1	48	3	80	1	2	1
55	圣雅婚礼庆典至尊会馆	1	17	3	86	2	1	1
55	在一起婚礼策划会馆	1	44	5	88	1	2	1
55	在云端婚纱礼服	1	18	18	80	3	0	1
55	在野摄影	1	16	14	82	4	0	1
55	在野摄影工作室	1	393	16	90	11	14	1
55	地铁渡假村宴会厅	1	13	1	null	0	1	1
55	城市花园尊贵婚纱电影城	1	1349	1275	90	133	71	1
55	基慕视觉婚纱摄影	1	12	1	80	1	0	1
55	基辅罗斯餐厅·婚宴	1	392	4	83	2	12	1
55	塞纳佳人婚礼策划	1	67	8	85	8	2	1
55	塞纳婚纱摄影机构	1	39	9	78	5	3	1
55	墨庐照相馆	1	28	2	80	1	4	1
55	墨语轩摄影	1	522	359	94	40	19	1
55	壹尚·王者	1	15	1	null	0	0	1
55	壹束影像	1	19	23	89	5	0	1
55	壹空间艺术气球	2	17	2	0	0	0	1
55	壹线视觉	1	53	10	88	1	6	1
55	夏宝宝婚纱礼服工作室	1	72	56	89	5	1	1
55	夏日莲婚纱摄影	1	11	1	80	1	1	1
55	夏末映像婚纱摄影工作室	1	50	26	80	3	1	1
55	夕禾摄影	1	79	77	83	11	1	1
55	多丽雅婚纱摄影	1	46	1	null	0	1	1
55	多多嫁衣婚纱礼服工作室	1	103	88	77	9	6	1
55	多蒂雅婚纱摄影工作室	2	52.5	14	44	4.5	1	1
55	多蒂雅婚纱礼服馆	2	315	105	45.5	16.5	23.5	1
55	大三元酒家·婚宴	1	19	0	null	0	0	1
55	大东方海鲜酒楼·婚宴	1	25	1	null	0	1	1
55	大唐科苑宾馆宴会厅	1	77	24	60	19	4	1
55	大大的糖摄影	1	337	18	null	1	12	1
55	大宅门	2	33	2.5	0	0	1.5	1
55	大宅门迎祥商务酒店·婚宴	1	121	0	88	1	1	1
55	大师摄影	1	18	0	null	0	1	1
55	大德文化传媒中心	1	26	3	null	0	4	1
55	大悦钻石	1	27	22	90	7	0	1
55	大戏楼·婚宴	1	17	0	null	0	1	1
55	大成路九号·婚宴	1	11	0	null	0	1	1
55	大成路九号宴会厅	1	425	27	79	8	13	1
55	大方饭店·婚宴	1	14	1	null	0	1	1
55	大清花·婚宴	2	20.5	0	0	0	1.5	1
55	大渔摄影	1	220	136	91	17	7	1
55	大漠婚纱摄影	1	17	5	null	0	0	1
55	大爱今成摄影工作室	2	42.5	7.5	44	0.5	3	1
55	大爱婚纱摄影	1	15827	494	93	136	45	1
55	大爱视觉摄影	1	299	151	84	10	2	1
55	大牌摄影机构	1	164	73	85	20	3	1
55	大狮视觉 • 狮森林摄影机构	1	24	1	null	0	3	1
55	大益膳房·婚宴	1	30	0	null	0	1	1
55	大眼婚礼策划	2	509	259	90.5	37	31.5	1
55	大糖婚礼	1	15	3	null	0	2	1
55	大董烤鸭店·婚宴	3	2808	18	84.67	3.33	89.33	1
55	大诚钻石	2	325.5	165.5	88	85	21	1
55	大陶家的婚纱店 TAO'S BRIDAL	1	27	6	null	0	2	1
55	大鸭梨烤鸭店·婚宴	14	32.29	0.36	12	0.14	0.43	1
55	天人配婚庆	1	67	21	88	6	5	1
55	天仙配婚庆	1	11	0	null	0	2	1
55	天伦星明湖度假村四季厅	1	22	2	80	1	1	1
55	天伦松鹤大酒店四季中餐厅	1	79	9	76	6	3	1
55	天伦王朝酒店宴会厅	1	81	4	80	3	3	1
55	天使孕妈梦幻水下摄影	2	19	0	0	0	0.5	1
55	天使梦缘婚庆	1	14	4	null	0	3	1
55	天信亮酒店·婚宴	1	10	1	null	0	0	1
55	天合佳缘婚庆	1	38	3	null	0	0	1
55	天合婚礼策划	1	99	25	90	9	8	1
55	天和晟·婚宴	1	54	0	80	1	4	1
55	天和晟京味酒楼(金台路店).婚宴	1	26	0	null	0	0	1
55	天地缘婚纱礼服	1	25	3	80	1	0	1
55	天天向上电影工作室	1	10	0	null	0	0	1
55	天天新娘跟妆	1	15	3	null	0	0	1
55	天天渔港·婚宴	1	12	0	null	0	0	1
55	天恩圣爱婚庆	1	29	2	null	0	1	1
55	天成首饰加工	1	17	16	null	0	0	1
55	天方饭店宴会厅	1	49	7	71	1	1	1
55	天泰宾馆·婚宴	1	12	0	null	0	1	1
55	天派鞋艺工作室	1	12	10	null	0	0	1
55	天涯视觉摄影工作室	1	78	40	89	5	3	1
55	天禧天成婚礼策划公司	1	323	45	90	12	14	1
55	天空之城婚纱摄影机构	1	24	14	null	0	1	1
55	天空摄影-爱诺庄园婚纱摄影基地	1	46	1	null	0	3	1
55	天赐良缘婚纱摄影	1	12	0	null	0	0	1
55	天路苑酒店	1	40	18	82	16	5	1
55	天长地久	1	34	0	null	0	4	1
55	天鹅坊私人成衣定制	1	39	5	null	0	1	1
55	天鹅的故事婚礼定制	1	76	26	91	13	6	1
55	天鹅的秘密婚纱定制	1	55	6	80	1	1	1
55	太公全鱼馆.婚宴	1	45	0	null	0	0	1
55	太和文华·婚宴	1	32	0	null	0	1	1
55	太熟悉家常菜·婚宴	4	66.25	1.25	20	0.25	0.5	1
55	太美丽婚庆婚纱礼服	1	58	37	71	10	1	1
55	太阳岛宾馆·婚宴	1	12	0	null	0	0	1
55	太阳岛宾馆餐厅	1	221	17	76	12	6	1
55	太阳花酒店·婚宴	1	88	2	88	2	1	1
55	太阳金店	1	108	42	73	64	4	1
55	头脑迷宫密室逃脱工作室	1	45	3	88	1	1	1
55	奇幻旅程婚礼顾问	1	16	5	83	4	2	1
55	奇戈摄影	1	24	1	88	1	2	1
55	奇戈视野摄影工作室	1	904	81	80	21	37	1
55	奇缘盛世婚礼策划	1	24	5	83	2	1	1
55	奇遇摄影	1	20	8	80	1	0	1
55	奈思婚纱礼服	1	31	56	80	4	0	1
55	奥岚奇创意婚礼策划	1	15	1	null	0	2	1
55	奥帆婚庆	1	18	5	88	1	4	1
55	奥比多斯婚礼创意馆Obidoswedding	1	26	4	null	0	0	1
55	奥罗芙精钻	1	52	11	50	45	1	1
55	奥雅婚礼园	1	118	44	83	2	12	1
55	好好瞳感摄影工作室	1	269	35	88	1	7	1
55	好摄影	1	30	2	null	0	1	1
55	好特热温泉酒店·婚宴	1	83	0	null	0	0	1
55	好苑建国酒店宴会厅	1	23	17	67	19	1	1
55	好莱坞婚纱摄影	1	18	12	80	1	0	1
55	如愿恋人	1	18	1	null	0	1	1
55	如日之恒婚礼会馆	1	16	35	83	5	3	1
55	如果爱婚纱摄影	1	44	9	null	0	1	1
55	妃思	1	52	5	null	0	1	1
55	妃色影堂	1	220	136	91	15	5	1
55	妆容视界	1	12	2	null	0	0	1
55	妈妈咪呀	1	78	12	80	1	2	1
55	妈妈咪呀礼服（专业定制妈妈装）	1	22	5	null	0	0	1
55	妍满婚礼工作室	1	33	2	null	0	3	1
55	妍诺彩妆造型工作室	1	32	1	88	1	0	1
55	妫川华奕酒店	1	73	3	88	1	1	1
55	妮子嫁衣婚纱礼服	1	163	33	86	5	6	1
55	妹妗婚纱	1	13	16	80	7	0	1
55	姿态高级新娘婚纱彩妆定制	1	16	3	null	0	0	1
55	威斯汀大酒店宴会厅	1	59	1	79	2	4	1
55	娇怡庆典	1	33	2	80	1	2	1
55	娟子彩妆	1	57	9	80	1	1	1
55	婉色婚礼	1	164	2	null	0	14	1
55	婚姻登记处	6	104.5	8.67	55.33	6.67	5.5	1
55	婚庆公司	1	10	0	null	0	0	1
55	婚庆用品租赁	1	23	3	null	0	0	1
55	婚庆车队 各种车型	1	17	3	null	0	1	1
55	婚礼小提琴民乐乐队	1	24	2	null	0	1	1
55	婚礼小秘书	1	99	1	88	2	0	1
55	婚礼梦工厂	1	17	2	null	0	3	1
55	婚礼物语	1	14	1	null	0	0	1
55	婚礼秘密·高端婚礼定制	1	184	8	88	1	10	1
55	婚礼管家	1	13	3	null	0	0	1
55	婚礼花艺师红红	1	12	1	null	0	0	1
55	婚礼进行时婚礼策划	1	29	20	78	3	4	1
55	婚礼马车	1	32	3	null	0	2	1
55	婚纱摄影代拍	1	20	0	null	0	0	1
55	婚车租赁	1	18	5	null	0	0	1
55	婷缘梦阁婚礼策划中心	1	15	0	null	0	0	1
55	嫣然高端写真摄影工作室	1	10	0	null	0	0	1
55	嫣然高端婚纱摄影工作室	1	110	2	80	3	6	1
55	子依婚礼策划机构	1	11	2	null	0	0	1
55	子玉同心婚礼策划	1	10	7	null	0	0	1
55	孕视觉摄影	1	10	0	null	0	0	1
55	孟于淇化妆培训	1	24	14	70	1	0	1
55	孟摄影高端海外旅行拍摄	1	1075	1672	91	112	36	1
55	孟私人摄影	1	33	1	80	4	3	1
55	宇博婚庆会所	1	11	1	null	0	0	1
55	安妮公主摄影工作室	1	472	66	83	7	11	1
55	安妮婚纱礼服定制	1	27	7	88	2	0	1
55	安妮宝贝婚纱礼服馆	1	83	90	91	17	2	1
55	安娜柏丽婚纱摄影（中国）	1	975	103	94	34	58	1
55	安娜贝儿婚纱定制	2	28.5	5.5	44	1.5	1.5	1
55	安德莉娅摄影	1	57	5	62	1	4	1
55	安琪儿婚纱摄影	1	14	0	null	0	1	1
55	安琪尔婚纱礼服	1	266	29	88	1	11	1
55	安阁婚礼策划	1	26	2	null	0	0	1
55	安馨婚庆	1	12	0	null	0	0	1
55	完美一生婚礼策划	1	16	1	null	0	0	1
55	完美一生婚礼策划体验馆	1	452	377	83	42	27	1
55	完美启点婚礼策划	1	41	1	null	0	5	1
55	完美嫁衣	1	18	14	88	2	0	1
55	完美视界婚纱摄影	1	49	13	88	2	4	1
55	完美证件照	2	359.5	6	0	0	9	1
55	完美首策婚礼顾问	1	24	56	84	15	1	1
55	宏斌映画	1	13	4	67	3	0	1
55	宏艺钻石	1	28	5	88	1	1	1
55	宏装定制西服男士礼服西装定做店	1	1033	45	88	4	9	1
55	宏造型婚纱礼服	1	187	43	91	15	10	1
55	定制公交	1	13	2	70	1	1	1
55	宝儿私人成衣定制	1	10	1	null	0	1	1
55	宝荣婚纱摄影	1	14	1	72	2	3	1
55	宝辰饭店宴会厅	1	13	1	80	4	0	1
55	宝马MINI婚车队	1	33	5	null	0	2	1
55	宫宁婚礼定制	2	13	1	0	0	0	1
55	宫摄影	1	15	29	null	7	0	1
55	宴婚宴酒店	1	82	7	null	0	0	1
55	宽地摄影	1	1583	323	91	56	46	1
55	寅视觉婚纱摄影	1	61	5	67	6	1	1
55	密云蒙娜丽莎婚纱影楼	1	32	4	76	2	1	1
55	富丽纱	1	14	3	74	3	0	1
55	寻香礼服高级定制	1	36	111	83	13	0	1
55	小丑花店	1	30	15	null	0	4	1
55	小两口喜鋪	1	13	6	null	0	0	1
55	小小紫房子影楼	1	131	13	73	6	6	1
55	小江摄影	1	36	23	88	2	2	1
55	小葵婚纱礼服定制	1	38	20	85	3	2	1
55	小薇丽致婚纱摄影	1	13	1	80	1	0	1
55	小蜗新派摄影工作室	1	47	3	70	1	3	1
55	小资造型彩妆工作室	1	19	0	null	0	0	1
55	小雅婚纱彩妆	1	55	5	88	2	2	1
55	尚倩婚纱定制	1	59	695	91	15	1	1
55	尚古缘婚纱摄影	1	131	49	86	5	2	1
55	尚品国际私人定制	1	14	1	null	0	2	1
55	尚姿服装制作租赁	1	22	17	null	0	2	1
55	尚层摄影工作室	1	14	2	null	0	0	1
55	尚影堂摄影写真馆	1	689	301	62	40	39	1
55	尚爱婚礼策划	1	234	21	88	1	15	1
55	尚美视觉摄影工作室	1	12	3	null	0	2	1
55	尚色摄影工作室	1	22	2	83	2	0	1
55	尚观彩妆	1	15	2	null	0	0	1
55	尚都凯悦国际酒店宴会厅	1	36	3	null	0	3	1
55	尼佳珠宝钻戒定制	1	683	9	92	21	8	1
55	尼克婚礼工厂	1	302	94	88	17	3	1
55	尼可婚礼顾问	1	53	20	null	0	2	1
55	居桢会缘.婚宴	1	897	61	82	4	28	1
55	山映像工作室	1	11	1	null	0	3	1
55	山水人家	1	59	7	86	4	1	1
55	岚庭菜馆·婚宴	1	28	0	null	0	1	1
55	岚意唯品婚纱高级定制	1	19	12	88	2	0	1
55	岸芷汀兰精品摄影	1	34	6	88	1	3	1
55	峰博之都文化传媒	1	17	2	null	0	1	1
55	峰尚圣宴·婚宴	1	20	0	null	0	1	1
55	峰摄影	2	9307.5	956	93.5	103	126.5	1
55	川京办餐厅·婚宴	1	23	0	null	0	2	1
55	工大建国饭店·婚宴	1	16	1	null	0	1	1
55	工大建国饭店宴会厅	1	171	13	73	3	5	1
55	左岸巴黎婚纱摄影	1	60	0	null	0	4	1
55	左岸映像	1	36	39	77	10	1	1
55	左岸视界摄影	1	1058	766	91	18	14	1
55	左紫婚礼策划	1	11	1	null	0	0	1
55	左视觉创意摄影机构	1	13	3	80	3	0	1
55	左边婚礼管家	2	19	31.5	75	4	0.5	1
55	巨扒房·婚宴	1	21	1	null	0	1	1
55	巴当餐厅·婚宴	1	54	0	null	0	0	1
55	巴洛克婚纱摄影	1	81	65	69	12	3	1
55	巴洛可可婚纱礼服	1	17	1	71	1	0	1
55	巴黎世家	1	17	0	null	0	0	1
55	巴黎世家 纯美婚纱摄影	1	39	10	88	1	0	1
55	巴黎之恋婚纱摄影	1	18	64	null	5	0	1
55	巴黎之约婚纱摄影	1	42	2	88	1	0	1
55	巴黎凯威婚纱摄影	1	12	1	null	0	0	1
55	巴黎婚纱摄影	4	359	75.75	79.5	32.25	16.5	1
55	巴黎恋人	1	13	1	null	0	0	1
55	巴黎恋人婚纱摄影	3	14.33	1	0	0	0.67	1
55	巴黎新娘婚纱摄影	1	25	2	60	10	1	1
55	巴黎春天	1	54	1	83	2	1	1
55	巴黎春天婚纱摄影	1	10	0	null	0	0	1
55	巴黎春天婚纱馆	4	198.5	43	61.5	6.5	3	1
55	巴黎春天摄影	1	28	0	80	1	1	1
55	巴黎米兰婚纱摄影	1	28	4	null	0	1	1
55	巴黎风尚	1	31	3	null	0	4	1
55	巴黎风尚婚纱摄影	1	10	0	null	0	1	1
55	巴黎风情婚纱摄影	1	17	1	62	1	2	1
55	布丁图片社	1	22	210	null	17	3	1
55	帅然婚礼道具租赁销售	1	26	2	null	0	0	1
55	希客视觉摄影	1	14	0	null	0	1	1
55	希尔顿逸林酒店·婚宴	1	2094	332	90	68	34	1
55	帛众男士西服礼服定制西装衬衫大衣定做	1	20	0	null	0	2	1
55	帝蒙男士西服礼服定制	1	38	93	88	1	5	1
55	帝锐钻石	1	69	259	94	128	5	1
55	幸福一生婚礼策划	1	62	11	82	5	4	1
55	幸福一生彩妆造型馆	1	16	5	null	0	2	1
55	幸福三叶草film	1	21	22	null	0	0	1
55	幸福临门婚庆	1	12	4	80	1	0	1
55	幸福久久私人婚礼顾问	1	13	1	null	0	1	1
55	幸福列车婚礼策划公司	1	26	2	88	1	1	1
55	幸福力量婚礼策划	1	43	8	73	2	3	1
55	幸福圣地婚礼策划婚庆文化工作室	1	62	2	71	2	9	1
55	幸福坊时尚婚礼策划	1	216	88	91	22	9	1
55	幸福影像婚纱摄影工作室	1	25	13	85	3	0	1
55	幸福日记婚纱影像纪录馆	1	634	362	93	60	21	1
55	幸福格子婚礼策划	2	167	30.5	42	10	8.5	1
55	幸福永恒专属婚礼定制	1	24	3	88	1	2	1
55	幸福永恒婚礼策划	1	85	10	80	1	2	1
55	幸福湾婚庆	1	19	3	null	0	0	1
55	幸福王国婚纱摄影馆	1	1793	622	94	127	68	1
55	幸福维拉婚礼策划公司	1	216	22	90	11	22	1
55	幸福缘婚纱摄影	1	19	1	80	1	0	1
55	幸福钟声婚礼策划	1	14	1	null	0	0	1
55	广州大厦红棉宴会厅	1	193	9	null	0	5	1
55	康宁婚礼顾问	1	57	29	80	5	4	1
55	康源瑞廷酒店·婚宴	1	12	0	null	0	0	1
55	康源瑞廷酒店瑞和大宴会厅	1	25	5	null	0	2	1
55	康莱德酒店·婚宴	1	45	0	null	0	1	1
55	开元名都大酒店·婚宴	1	21	0	null	0	0	1
55	开心鑫婚庆策划	1	10	0	null	0	0	1
55	异彩造型工作室	1	11	2	null	0	0	1
55	异色视觉婚纱摄影工作室	1	33	11	81	3	4	1
55	弗丽嘉高端喜糖定制	2	60.5	9.5	0	0	0.5	1
55	张生记	1	43	4	null	0	1	1
55	张生记·婚宴	1	59	0	null	0	0	1
55	张裕爱斐堡国际酒庄宴会厅	1	78	38	76	14	1	1
55	张裕爱斐堡国际酒庄欧洲小镇度假酒店·婚宴	1	32	0	62	1	0	1
55	弥摄影工作室	1	21	3	80	5	1	1
55	录客影像摄影工作室	1	247	223	93	57	16	1
55	彤影婚纱摄影工作室	1	18	52	90	12	0	1
55	彤摄影工作室	1	12	0	null	0	1	1
55	彩虹堂创意婚礼体验馆	2	394	47	90.5	12	33	1
55	影子女人坊摄影	1	10	1	null	0	0	1
55	影画时尚摄影	1	24	1	70	1	1	1
55	影社绘	1	14	17	88	2	0	1
55	影艺馆	1	27	0	null	0	1	1
55	彼德西餐厅·婚宴	1	27	0	null	0	0	1
55	彼漫婚礼设计工作室	1	15	1	null	0	2	1
55	待续视觉摄影工作室	1	12	0	71	1	1	1
55	徐曼造型	1	47	2	null	0	2	1
55	御园汇商务会所·婚宴	1	78	8	80	1	4	1
55	御园汇商务会所宴会厅	1	20	4	80	1	0	1
55	御膳饭庄·婚宴	1	11	0	88	1	2	1
55	御马墩·婚宴	1	51	0	80	1	1	1
55	微婚纱定制工作室	1	44	16	88	3	2	1
55	微拉摄影	1	26	1	null	0	1	1
55	微时光婚礼策划	1	10	3	null	0	1	1
55	微时光摄影	1	23	5	83	3	0	1
55	微笑人生婚礼策划	1	34	43	83	2	1	1
55	德云社.婚宴	1	153	1	80	2	2	1
55	德文男士西服礼服大衣定制	2	2314.5	43	133.5	10.5	14.5	1
55	德胜门华宇假日酒店·婚宴	1	15	0	null	0	0	1
55	德铭印象工作室	1	18	0	80	1	1	1
55	德顺楼	1	1734	1536	83	282	52	1
55	徽商故里.婚宴	1	32	0	66	1	2	1
55	徽商故里婚宴场地预定	1	11	0	null	0	null	1
55	徽商故里宴会厅	1	35	0	null	0	0	1
55	心恋乌托邦	1	33	21	82	11	0	1
55	心悦高端婚礼摄影	1	10	2	null	0	0	1
55	心绣嫁衣坊	1	18	7	80	2	1	1
55	心缘鲜花婚庆	1	23	1	80	2	2	1
55	心芯婚礼策划	3	29.67	6.67	78	1.67	2.67	1
55	心芯庆典	1	19	0	null	0	2	1
55	心芯礼仪	1	10	1	88	1	0	1
55	心诚喜誓婚礼策划	1	63	1	88	1	3	1
55	心隅孕妇摄影	1	74	0	null	0	0	1
55	忆初影像馆●时尚婚纱微电影	1	242	10	88	4	5	1
55	忧忧彩妆工作室	1	11	1	null	0	0	1
55	思柏秀高端婚礼策划	1	89	33	81	10	3	1
55	思鹭定制婚礼工作室	1	25	16	88	2	1	1
55	思黛琦婚纱体验馆	1	935	258	93	52	59	1
55	怡亨酒店·婚宴	1	51	0	null	0	3	1
55	怡人摄影工作室	1	64	34	88	4	4	1
55	怡和春天大酒楼·婚宴	1	58	0	88	1	4	1
55	恋尚爱时尚婚礼会馆	1	38	4	null	0	1	1
55	恋风恋歌婚纱摄影工作室	1	26	5	88	1	0	1
55	恒久私家婚礼定制（中式婚礼）	1	98	9	87	6	4	1
55	恒信钻石宫殿	1	242	26	91	135	9	1
55	恒婚摄	1	11	1	null	0	1	1
55	恒爱金缘婚庆	1	10	0	null	0	0	1
55	恒艺印象婚纱摄影	1	13	0	null	0	0	1
55	恒艺印象新派婚纱摄影机构	1	23	4	null	0	1	1
55	恒诺圣典文化传媒--婚礼策划	1	15	0	null	0	0	1
55	恒龙洋服	1	11	1	null	1	1	1
55	恰蓝雨	1	21	1	null	0	1	1
55	悠唐皇冠假日酒店·婚宴	1	419	15	null	0	19	1
55	悠唐皇冠假日酒店大宴会厅	1	205	19	86	7	6	1
55	悦嘉婚礼策划	2	471	105.5	86.5	16.5	28	1
55	悦嘉婚礼策划馆	1	11	1	null	0	0	1
55	悦妆造型工作室	1	10	6	null	0	0	1
55	悦嫁喜屋	1	11	0	null	0	1	1
55	悦己视觉婚纱摄影	1	102	870	null	76	3	1
55	悦忆影像工作室	1	10	0	null	0	0	1
55	悦祺嫁衣彩妆造型机构	1	50	86	89	8	1	1
55	悦色新娘嫁衣定制	1	54	86	88	3	1	1
55	悦色春天婚纱概念馆	1	42	42	82	10	0	1
55	悦视觉海外婚纱摄影·婚礼	1	56	3	null	0	6	1
55	悦达世纪婚礼策划	1	11	0	null	0	0	1
55	情定今生婚礼梦工厂	1	16	2	null	0	0	1
55	情定今生婚纱摄影楼	1	11	2	null	0	3	1
55	情缘盛世婚庆	1	10	0	null	0	0	1
55	情订奇缘婚纱摄影	1	162	99	65	37	10	1
55	惊蛰水下摄影	1	1044	559	90	12	18	1
55	惟忆婚纱造型	1	32	11	88	2	1	1
55	惠好婚庆	1	20	0	71	2	1	1
55	惠美婚纱礼服	1	12	4	null	0	0	1
55	愉悦颖像	1	56	38	90	7	1	1
55	意境摄影工作室	1	148	86	93	37	10	1
55	意林视觉婚纱写真摄影	1	27	5	67	3	1	1
55	意涛阳光	1	19	1	88	2	1	1
55	感动人生婚庆公司	1	15	1	null	0	0	1
55	慈孝宫·婚宴	1	33	0	null	0	3	1
55	慕丝卡婚礼策划	1	38	6	88	1	4	1
55	慕尚丽弗婚纱礼服高级定制	1	25	15	86	9	1	1
55	慕尚私属婚礼定制	1	13	0	null	0	1	1
55	慕林国际创意摄影	1	666	35	90	9	25	1
55	慕纱莹雪婚纱礼服馆	2	19	8.5	0	0	0	1
55	慕绵私人婚礼顾问	1	85	65	88	4	4	1
55	慕青视觉摄影工作室	1	70	17	80	6	1	1
55	懿沉香	1	13	1	null	0	3	1
55	戈拿旺巴西烤肉·婚宴	2	115.5	0.5	0	0	4	1
55	戏中人艺术工作室	1	11	2	null	0	0	1
55	我形而上定制摄影工作室	1	11	7	null	0	0	1
55	我愿意求婚策划	1	11	0	null	0	0	1
55	我爱咔咔婚纱摄影馆	1	21	5	null	0	1	1
55	我的女孩摄影工作室	1	862	67	88	4	25	1
55	扣扣婚礼管家	1	491	669	81	6	23	1
55	承诺婚礼	1	10	3	null	0	0	1
55	拉兹印度音乐餐厅.婚宴	1	12	1	null	0	0	1
55	拉斐尔婚礼策划	3	153	26	53.33	5.33	9	1
55	拉斐尔婚礼策划旗舰中心	1	2554	171	93	38	115	1
55	拉斐特城堡酒店·婚宴	1	24	0	null	0	0	1
55	拉格摄影	1	75	68	90	13	4	1
55	拉美摄影工作室	1	19	3	88	2	2	1
55	拉薇达一站式婚礼会所	1	40	17	null	0	1	1
55	拉诺唯婚礼策划	1	13	3	null	0	0	1
55	拜天地婚庆	1	22	0	88	1	1	1
55	拾光纪婚礼纪实工作室	1	14	4	null	0	2	1
55	拾光纪摄影工作室	1	15	1	null	0	0	1
55	拾尚风格个性婚纱摄影馆	1	2314	36	85	6	8	1
55	拾贰悦婚庆策划	1	16	1	null	0	1	1
55	拿十婚礼影像	1	17	3	88	1	0	1
55	挚手鑫缘婚礼策划	1	17	3	null	0	1	1
55	挚爱一生婚纱摄影	3	32.33	4.33	85.67	1.33	0.33	1
55	挚爱唯尚婚礼策划	1	13	0	null	0	0	1
55	挚爱永恒时尚婚礼主题馆	1	45	2	null	0	2	1
55	振海大厦·婚宴	1	13	1	null	0	0	1
55	振瞳摄影	1	16	1	null	0	1	1
55	摄视零度映像工作室	1	13	10	null	0	0	1
55	摄首作新派摄影会馆	1	19	2	null	0	0	1
55	摩.尔 糖合天下婚礼策划	1	20	6	null	0	3	1
55	摩卡高端婚礼定制	1	1995	355	91	36	84	1
55	摩尔婚纱摄影	1	89	18	88	3	8	1
55	摩尔视觉定制摄影	2	84.5	11	85.5	3.5	6.5	1
55	摩登巴莎美学礼服馆	1	10	0	null	0	2	1
55	摩登新娘	1	902	201	94	31	32	1
55	摩莉嫁衣	1	22	3	80	1	0	1
55	文津国际酒店·婚宴	1	11	0	null	0	0	1
55	文津酒店阳光厅	1	387	16	81	15	19	1
55	文颖玫瑰婚庆	1	23	1	null	0	1	1
55	斐琳娜婚纱摄影	1	38	59	92	20	1	1
55	斑斓路婚纱摄影	1	164	12	88	4	11	1
55	斗鱼摄影工作室	1	64	377	null	59	5	1
55	斯尔顿男仕礼服定制	1	87	11	86	5	5	1
55	斯派拉婚礼策划	1	273	1	90	7	18	1
55	新·乙十六·婚宴	2	119	6.5	75.5	1	4.5	1
55	新世界贝尔特酒店宴会厅	1	10	1	null	0	0	1
55	新丝雨摄影	1	12	2	null	0	1	1
55	新云南皇冠假日酒店·婚宴	1	11	0	null	0	0	1
55	新云南皇冠假日酒店宴会厅	1	260	17	85	9	12	1
55	新侨三宝乐西餐厅·婚宴	1	17	0	null	0	0	1
55	新侨诺富特饭店·婚宴	1	21	0	null	0	1	1
55	新北纬饭店·婚宴	1	44	1	71	1	2	1
55	新大都饭店·婚宴	1	11	0	null	0	0	1
55	新娘城堡高端摄影私人会所	1	179	7	88	2	7	1
55	新娘彩妆造型	1	10	0	null	0	0	1
55	新娘爱美丽婚庆策划	1	15	0	null	0	1	1
55	新娘跟妆公主馆	1	52	2	null	0	3	1
55	新娘跟妆工作室	1	16	4	null	0	2	1
55	新婚邦婚礼管家策创公馆	1	85	15	80	5	5	1
55	新峰尚婚礼培训机构	1	26	6	88	1	0	1
55	新川办餐厅·婚宴	1	21	0	null	0	0	1
55	新开元大酒店·婚宴	1	25	0	null	0	0	1
55	新新Charming传统韩服专门店	1	17	4	null	0	0	1
55	新新娘婚纱摄影	1	11	0	null	0	2	1
55	新港汇婚纱会所	1	48	5	null	0	0	1
55	新疆伊斯兰饭庄·婚宴	1	37	0	null	0	0	1
55	新疆兵团食府	1	2143	1240	77	500	44	1
55	新疆饭庄·婚宴	1	35	0	null	0	1	1
55	新疆饭店·婚宴	1	30	0	null	0	0	1
55	新美妆彩妆造型A团队	1	11	1	null	0	2	1
55	新蜂薇汀	1	99	2	88	1	13	1
55	新视线婚纱摄影工作室	1	8436	802	93	29	491	1
55	新视觉婚礼策划	1	110	3	null	0	6	1
55	新郎·希努尔西服专卖	1	11	0	null	0	0	1
55	新锐印象摄影艺术馆	1	894	489	88	42	37	1
55	新锐时尚化妆造型	1	15	0	null	0	0	1
55	新雅常娥形象设计	1	11	8	null	0	1	1
55	新青年摄影机构	1	20	2	null	0	0	1
55	方园烤鸭店·婚宴	1	36	0	null	0	1	1
55	方恒假日酒店大宴会厅	1	108	20	79	4	5	1
55	方慧彩妆	1	25	4	null	0	1	1
55	方慧彩妆造型	1	14	0	null	0	0	1
55	施华洛婚纱摄影	1	16219	264	84	51	91	1
55	施华洛婚纱摄影体验店	1	14	22	null	4	1	1
55	施华洛婚纱精品概念馆	1	91	416	null	189	4	1
55	旅拍摄影	1	296	7	88	1	11	1
55	无名居·婚宴	2	57.5	0.5	0	0	2	1
55	无名指诺言婚礼策划	1	51	14	null	0	4	1
55	无名社高端专业摄影棚	1	15	0	null	0	0	1
55	无限创意婚礼策划有限公司	1	91	38	67	10	5	1
55	日坛国际酒店宴会厅	1	69	4	88	2	2	1
55	日昌餐馆·婚宴	1	316	2	88	1	9	1
55	日月星辰清真餐厅	1	28	27	null	33	5	1
55	早安摄影工作室	1	50	0	null	0	7	1
55	早春二月·婚宴	2	48.5	1	0	0	0.5	1
55	时尚恒美婚纱礼服	1	26	2	80	1	0	1
55	时尚新娘	1	10	2	80	1	1	1
55	时尚新娘新派婚纱摄影婚庆中心	1	48	3	88	1	2	1
55	时尚爱诺婚礼策划	1	24	19	78	10	2	1
55	时尚经典婚纱摄影	1	12	0	null	0	0	1
55	时尚芭拉摄影	1	32	16	null	7	1	1
55	时尚蜜悦婚礼策划	1	13	3	null	0	0	1
55	时间电影工作室	2	17.5	4	44	1	0	1
55	旺顺阁	1	16	0	null	0	0	1
55	旺顺阁鱼头泡饼店·婚宴	1	263	1	null	0	4	1
55	昆泰嘉华酒店·婚宴	1	13	0	null	0	1	1
55	昆泰嘉华酒店宴会厅	1	42	2	null	0	3	1
55	昆泰嘉禾酒店·婚宴	1	28	0	80	1	0	1
55	昆泰酒店宴会厅	1	39	0	71	1	2	1
55	昊天假日酒店·婚宴	1	11	0	null	0	2	1
55	昊天博雅婚礼策划	1	12	3	62	2	2	1
55	昌平商务会馆·婚宴	1	13	0	null	0	0	1
55	明城五号烤鸭坊·婚宴	1	12	0	null	0	0	1
55	明日五洲酒店宴会厅	1	62	20	70	4	2	1
55	明空优品摄影工作室	1	10	0	null	0	0	1
55	易彩婚礼策划	1	15	6	null	0	1	1
55	星光专业化妆	1	26	8	71	1	2	1
55	星光梅地亚酒店·婚宴	1	35	2	71	1	3	1
55	星期五餐厅·婚宴	2	39.5	0	0	0	0.5	1
55	星河湾四季会酒店宴会厅	1	71	11	80	4	3	1
55	星湖园温泉酒店·婚宴	1	13	0	null	0	0	1
55	星辰园婚纱摄影工作室	1	158	68	81	13	12	1
55	春天华尔兹礼服馆	1	17	2	null	0	0	1
55	春天印象摄影	1	231	122	89	9	13	1
55	春天酒楼·婚宴	1	26	1	null	0	0	1
55	晓轩摄影工作室	1	42	10	79	3	2	1
55	晨光时代演出服装租赁	2	39	8	33	0.5	2	1
55	晨时婚纱礼服定制造型会所	1	34	12	null	0	2	1
55	晨曦化妆造型工作室	1	12	7	null	0	1	1
55	普伦美姿婚纱礼服高级定制	1	43	13	80	1	2	1
55	普罗旺斯婚纱摄影	2	455	18.5	40	0.5	10	1
55	普罗蜜斯婚礼策划	2	107.5	4	0	0	10.5	1
55	普菲特一站式婚礼管家	1	11	2	null	0	1	1
55	景然婚礼	1	21	1	88	1	1	1
55	景黛红妆高级私人婚礼跟妆工作室	1	11	0	null	0	0	1
55	晴天视觉工作室	1	15	4	null	0	0	1
55	晴朗摄影工作室	1	90	60	84	15	1	1
55	晶光闪耀婚礼策划	1	33	0	null	0	3	1
55	晶晶精致婚纱摄影	1	26	3	null	0	2	1
55	晶瑾婚礼会馆	1	19	3	null	0	1	1
55	晶瑾婚礼私人定制会所	1	13	3	null	0	2	1
55	晶莹婚礼策划	1	22	7	88	3	2	1
55	智永道恒婚礼策划	1	11	0	null	0	0	1
55	暖摄影	1	12	1	null	0	0	1
55	暖摄影工作室	1	1000	445	91	30	38	1
55	暮色视觉•中国杂志风婚纱摄影	1	296	316	92	28	9	1
55	暮苏视觉	1	639	493	93	54	17	1
55	曦颜婚礼策划工作室	1	15	5	86	9	1	1
55	曲园酒楼·婚宴	1	31	0	null	0	2	1
55	曲意美甲彩妆工作室	1	21	3	null	0	3	1
55	曲水兰亭度假酒店·婚宴	1	10	0	null	0	0	1
55	曲洋摄影	1	199	209	79	49	7	1
55	曼丽爱吉咨询服务	1	10	7	null	0	0	1
55	曼卡斯服装定制	1	18	1	null	0	0	1
55	曼宁轩婚纱礼服定制	1	124	66	79	9	7	1
55	曼尼莎主题婚礼会馆	2	18.5	90	0	0	3	1
55	最高性价比顶级婚礼策划	1	17	16	73	2	0	1
55	月下缘梦	1	21	0	null	0	3	1
55	月月新娘造型个人形象设计工作室	1	11	3	null	0	0	1
55	有爱文化传媒婚礼爱情微电影工作室	1	76	6	null	0	6	1
55	有糖婚礼策划	1	10	1	null	0	2	1
55	朗丽兹西山花园酒店.婚宴	1	429	5	null	0	41	1
55	朗豪酒店宴会厅	1	30	4	null	0	0	1
55	朝阳婚庆礼仪	1	12	0	71	1	0	1
55	木巷视觉摄影	2	3893.5	209.5	90	12.5	211	1
55	木马摄影工作室	1	15	9	null	1	2	1
55	木马童话黑暗餐厅·婚宴	1	144	0	null	0	5	1
55	木马视觉	1	15	6	88	1	1	1
55	本色视觉摄影	1	471	348	88	17	18	1
55	朵咖创意婚礼社	1	18	1	null	0	3	1
55	朵咖婚礼社	1	14	2	null	0	0	1
55	朵彩嫁衣坊	1	360	315	88	19	10	1
55	朵拉视觉	1	72	58	90	7	6	1
55	朵朵彩妆造型	1	19	15	null	0	1	1
55	朵美摄影工作室	1	16	40	null	0	3	1
55	李家大院·婚宴	1	30	0	null	0	0	1
55	李欣彩妆工作室	1	15	1	null	0	0	1
55	李玫工作室	1	181	35	89	6	14	1
55	李瑶高级服装定制	1	30	2	80	1	0	1
55	杜尚高级婚纱礼服定制	1	58	26	80	3	2	1
55	杨视觉STUDIO PHOTOGRAPHY	1	102	36	null	0	1	1
55	杨霓高级成衣定制	1	14	0	null	0	2	1
55	杰丝漫婚纱	1	27	15	80	4	3	1
55	杰印象婚纱摄影工作室	1	40	7	null	0	3	1
55	松微婚庆礼仪公司	1	15	1	57	1	1	1
55	松雪婚纱摄影	1	23	0	67	4	0	1
55	松鹤楼·婚宴	2	39	0.5	0	0	2.5	1
55	极致印象婚礼策划	1	74	14	null	0	12	1
55	林莉婚纱设计	1	7761	433	95	39	483	1
55	果园西餐厅·婚宴	1	70	4	null	0	4	1
55	枫美雅阁高级成衣定制	1	18	2	null	0	1	1
55	柏仑思高级定制	1	25	5	80	1	0	1
55	柏悦酒店·婚宴	1	60	0	80	1	0	1
55	柏悦酒店宴会厅	1	4758	174	89	42	92	1
55	柏拉图婚纱摄影	1	27	28	70	11	3	1
55	柏翠酒窖.婚宴	1	13	0	null	0	0	1
55	柚子摄影工作室	1	39	32	86	8	1	1
55	栀恋缘婚礼策划	1	10	0	null	0	1	1
55	格林兄弟婚纱摄影工作室	2	577	843	93.5	46.5	21.5	1
55	格格影楼	1	27	5	null	0	4	1
55	格桑花艺	1	76	77	83	7	6	1
55	格玛视觉婚纱摄影工作室	1	424	482	92	53	14	1
55	格蓝映画摄影馆	1	38	7	null	0	0	1
55	格调视觉婚纱摄影工作室	1	22	8	83	13	0	1
55	格阁妆缘彩妆造型	1	39	16	null	0	2	1
55	格雅婚纱摄影	1	11	0	null	0	0	1
55	格雅视觉时尚个性摄影馆	1	378	118	68	75	7	1
55	桂公府.婚宴	1	168	10	88	1	1	1
55	桂由美	1	206	72	80	5	9	1
55	桑木纳斯高级定制	1	15	3	null	0	2	1
55	梅地亚中心·婚宴	1	355	5	null	0	9	1
55	梦丽莎婚纱私人定制	1	101	35	82	4	2	1
55	梦婚礼	1	21	2	null	0	0	1
55	梦尚婚礼策划	3	25.33	1.67	0	0	4.67	1
55	梦帝亚婚纱礼服	1	15	10	null	0	1	1
55	梦幻婚庆	1	25	2	null	0	2	1
55	梦想家婚礼工作室	1	27	0	null	0	0	1
55	梦想家婚礼顾问	1	223	6	88	1	14	1
55	梦琳婚礼策划	1	37	21	81	3	2	1
55	梦田婚礼灯光创意	1	25	19	null	0	2	1
55	梦都酒家.婚宴	1	53	3	null	0	2	1
55	棒棒糖wedding婚纱礼服会所	1	432	296	92	20	20	1
55	楠楠造型	1	25	1	null	0	1	1
55	楼尚彩虹之约淮扬菜·婚宴	1	41	1	80	1	2	1
55	榉荣轩婚礼策划	1	86	169	87	7	9	1
55	榉荣轩求婚策划	1	25	4	80	1	3	1
55	樱花恋摄影工作室	1	29	9	78	7	0	1
55	橘子影像	1	40	19	88	1	1	1
55	欢喜缘嫁婚礼策划工厂	1	104	0	null	0	6	1
55	欣梦奇缘婚礼策划中心	1	50	6	88	1	3	1
55	欧尚婚纱摄影	1	18	1	66	1	1	1
55	欧尚精致摄影	2	110.5	13.5	40	4	3.5	1
55	欧意风尚国际摄影机构	1	78	8	63	4	6	1
55	欧文克思男士礼服定制	1	70	3	73	7	7	1
55	欧罗拉影像	1	11	6	70	1	1	1
55	歌华开元大酒店宴会厅	1	186	9	80	3	7	1
55	歌舒映画摄影工作室	1	17	30	null	9	2	1
55	正乙祠.婚宴	1	14	0	null	0	1	1
55	正午视觉婚纱摄影工作室	1	589	359	92	22	8	1
55	正摄影	1	20	6	null	0	1	1
55	正日红缘婚礼策划	1	18	5	null	0	2	1
55	正阳门饭庄.婚宴	1	10	1	null	0	1	1
55	正院大宅门·婚宴	5	136	0.4	0	0	9.4	1
55	武士创意	1	17	0	null	0	0	1
55	每文摄社	1	35	2	88	1	1	1
55	比亚蒂婚纱	1	12	44	null	13	1	1
55	比亚蒂婚纱礼服	1	25	38	84	8	0	1
55	比得精致摄影	1	21	6	79	7	1	1
55	比德福婚礼策划公司	1	109	1	null	0	12	1
55	比德福高端婚礼定制	1	300	27	84	5	14	1
55	比格盛大婚礼	1	22	2	null	0	1	1
55	比翼鸟婚纱	1	12	5	null	0	0	1
55	毛家菜贵宾楼.婚宴	1	38	1	null	0	0	1
55	民政局	1	24	0	85	2	0	1
55	民政局婚姻登记处	2	132	11.5	86	5	5	1
55	民族饭店宴会厅	1	34	1	66	1	0	1
55	气球门婚礼场地布置	1	10	1	null	0	0	1
55	水妍印象化妆造型	1	12	3	68	2	1	1
55	水岸兰花婚纱坊	1	198	92	91	23	3	1
55	水晶 钻石 盈多--珠宝（国瑞城店）	1	29	4	88	2	0	1
55	水晶之恋婚纱摄影	2	513	117.5	41	28.5	26	1
55	水晶宫老上海酒楼·婚宴	1	17	0	null	0	2	1
55	水晶心婚纱艺术摄影	1	17	0	71	1	1	1
55	水晶蓝北京婚纱摄影机构	1	2450	102	93	22	13	1
55	水木锦堂铁板烧自助餐厅·婚宴	1	146	0	null	0	5	1
55	水梦彩妆	1	10	4	null	0	0	1
55	水森林婚礼	1	12	2	null	0	0	1
55	水牛石餐厅·婚宴	1	249	11	80	2	6	1
55	永恒时刻时尚婚礼会馆	1	51	20	87	6	4	1
55	永恒映像婚礼MV拍摄	1	14	3	null	0	0	1
55	永泰福朋喜来登酒店宴会厅	1	20	1	null	0	1	1
55	永结同心婚纱摄影	1	17	1	88	1	0	1
55	汀兰婚纱	1	43	42	82	6	2	1
55	汀源婚庆	1	17	1	null	0	1	1
55	汇爱婚礼堂	1	43	21	80	3	5	1
55	汇爱婚礼策划	1	163	62	87	9	6	1
55	汉华国际饭店宴会厅	1	139	16	78	9	5	1
55	汉莱国际美食百汇·婚宴	1	47	0	83	2	1	1
55	汉衣坊婚礼策划	1	66	17	72	3	7	1
55	汉邦剪裁定制西服男士礼服西装	1	4648	483	91	16	37	1
55	江南赋·婚宴	3	61.67	0	0	0	5.33	1
55	江和婚礼策划	2	53	20.5	44.5	8	4.5	1
55	江山城婚庆公司	1	15	2	null	0	0	1
55	江西大酒店·婚宴	1	11	0	null	0	0	1
55	汤匙摄影工作室	1	12	5	null	0	0	1
55	沐菲婚纱礼服工坊	1	160	280	91	36	6	1
55	沙市城堡餐厅·婚宴	1	53	0	null	0	3	1
55	河南大厦·婚宴	1	91	0	66	1	0	1
55	河生映画摄影工作室	1	13	17	null	0	0	1
55	沸腾鱼乡·婚宴	2	95	0.5	40.5	1	2.5	1
55	泉怡园农庄·婚宴	1	16	0	null	0	0	1
55	法兰帕克	2	51.5	0.5	44	0.5	2.5	1
55	法国FOREVER LOVE	1	100	7	null	0	10	1
55	泰丰新港企业管理（北京）有限公司	1	10	0	null	0	null	1
55	泰丰楼·婚宴	1	11	0	null	0	3	1
55	洋森餐厅·婚宴	1	17	0	null	0	1	1
55	洛丽塔婚庆	1	26	4	null	0	1	1
55	洛亚睿视（looyafilm）影视团队	1	27	0	null	0	2	1
55	洛伊摄影工作室	1	45	77	90	7	0	1
55	洛可可婚礼堂·婚宴	1	473	66	88	8	19	1
55	洛可可婚礼堂（财富城堡）	1	123	16	88	2	5	1
55	洛奇婚纱摄影工作室	1	34	19	80	2	3	1
55	洛维思Lovest婚纱礼服	1	22	0	null	0	2	1
55	派尼尔男士礼服西服	1	16	2	71	1	1	1
55	流年缩影	1	32	13	81	7	1	1
55	浏阳河大酒楼·婚宴	1	30	0	null	0	2	1
55	浓情婚纱摄影	2	24	1.5	34	6.5	0	1
55	浓情玛奇朵电影工作室	1	19	6	70	1	1	1
55	浪漫一生婚纱摄影	1	30	15	80	1	1	1
55	浪漫一生时尚摄影	1	36	3	62	1	1	1
55	浪漫之旅婚纱摄影	1	28	3	80	1	2	1
55	浪漫婚纱摄影	1	45	8	62	1	1	1
55	浪漫海洋婚礼会馆	3	35.67	4	0	0	0.67	1
55	浪漫满屋婚纱摄影	1	25	30	null	18	3	1
55	浪漫满屋高端婚纱摄影	1	18	2	null	0	3	1
55	浪漫经典时尚婚纱摄影	1	46	0	71	1	1	1
55	浪漫菲林婚纱摄影工作室	1	144	19	85	4	10	1
55	浪漫颐和主题婚礼策划	2	60	0.5	88	1.5	6.5	1
55	浪漫颐和海外婚礼机构	1	14	0	null	0	1	1
55	浮士德·婚宴	1	50	1	null	0	4	1
55	海公馆--京城首席宴会品牌	1	141	16	null	0	2	1
55	海天一色·婚宴	1	37	0	null	0	0	1
55	海润艾丽华酒店·婚宴	1	48	1	88	2	5	1
55	海淀教堂教堂婚礼	1	82	4	null	0	4	1
55	海湾绿洲大戏楼	1	466	24	80	2	16	1
55	海特饭店宴会厅	1	12	0	null	0	0	1
55	海航大厦万豪酒店·婚宴	1	143	2	null	0	6	1
55	海航大厦万豪酒店宴会厅	1	107	22	82	9	6	1
55	海鑫素描持久化妆造型	1	13	0	null	0	0	1
55	润广益服装租赁	1	44	10	null	0	2	1
55	润格婚礼定制	1	35	8	88	1	4	1
55	润江南·婚宴	1	32	0	null	0	2	1
55	润泽嘉业大酒店·婚宴	1	10	0	null	0	0	1
55	涵影天下摄影工作室	1	59	23	90	8	3	1
55	深深爱婚礼会馆	1	668	108	95	30	48	1
55	深爱视觉婚纱摄影机构	1	12	1	80	2	0	1
55	深白婚礼策划	1	49	3	null	0	2	1
55	深白私人定制	1	95	92	null	87	8	1
55	深瞳视线摄影工作室	1	69	8	51	24	4	1
55	深蓝彩虹婚礼策划	1	22	3	88	1	3	1
55	淳美礼服馆	1	77	15	88	2	2	1
55	清雅新娘婚纱	1	59	28	73	4	0	1
55	清风国际婚纱摄影	1	18	38	88	1	0	1
55	清风恋影 ● 高级定制婚纱摄影	1	1252	522	91	45	31	1
55	清香阁平价海鲜·婚宴	4	68.75	1.5	16.5	0.75	5	1
55	清香阁海鲜餐厅(劲松店).婚宴	1	135	2	null	0	11	1
55	渔公渔婆·婚宴	2	18.5	0	0	0	1.5	1
55	渔阳饭店·婚宴	1	14	0	null	0	1	1
55	渝信川菜·婚宴	1	201	1	null	0	5	1
55	温汀婚纱摄影工作室	1	45	15	88	1	3	1
55	温狄造型	1	12	2	null	0	1	1
55	温莎婚礼	1	16	1	null	0	2	1
55	港中旅维景国际大酒店·婚宴	1	11	0	null	0	0	1
55	港丽餐厅·婚宴	1	146	1	null	0	4	1
55	港澳中心宴会厅	1	30	14	79	7	2	1
55	游戏币	1	12	0	null	0	null	1
55	湖南大厦·婚宴	1	12	0	null	0	0	1
55	湖广会馆楚畹园·婚宴	1	24	0	null	0	2	1
55	湘临天下(首体店).婚宴	1	59	0	null	0	2	1
55	湘临天下·婚宴	1	38	0	null	0	3	1
55	湘君府大酒店·婚宴	1	41	1	71	1	3	1
55	湘鄂情·婚宴	3	33.67	0	0	0	1	1
55	湘鄂春·婚宴	1	31	0	null	0	3	1
55	湛蓝裕婚纱礼服设计定制	1	26	15	82	4	2	1
55	湝丝蔓婚礼会所	1	323	13	91	20	17	1
55	源婚纱私人定制	1	19	7	88	2	1	1
55	源摄影工作室	1	19	3	null	0	2	1
55	源点视觉摄影工作室	1	2789	863	93	24	11	1
55	源钰喜婚庆婚纱摄影	1	66	1	71	1	7	1
55	满堂红婚庆	1	49	3	71	2	4	1
55	满庭芳婚纱礼服高级定制体验店	1	105	38	80	1	7	1
55	漂亮新娘	1	50	7	76	2	1	1
55	潇湘府·婚宴	3	51	0.33	0	0	2	1
55	潮宏基	1	10	0	70	1	0	1
55	澜伊婚纱	1	66	20	92	20	1	1
55	澜摄影	1	12	4	null	0	1	1
55	澳利莎婚纱礼服	1	122	46	82	7	0	1
55	澳纽越洋海外婚礼	1	133	1	84	13	6	1
55	瀚缘新禧婚礼策划	2	35.5	11	44	0.5	3.5	1
55	火玫瑰婚礼策划公司	1	16	0	80	3	1	1
55	灰石商业摄影基地	1	26	2	null	0	1	1
55	灵犀坊高级定制	1	87	65	83	4	4	1
55	灿然摄影工作室	1	426	62	94	43	20	1
55	炫爱婚礼策划	1	14	12	88	1	0	1
55	点将台司仪团队	1	30	4	88	2	2	1
55	烤肉宛饭庄·婚宴	1	209	3	80	1	7	1
55	热带雨林宴会厅	1	74	18	55	20	1	1
55	焦点摄影工作室	2	43.5	15.5	39.5	2.5	2	1
55	焦点视觉婚纱摄影	2	44.5	16	43	7	0.5	1
55	焦糖果子婚纱摄影工作室	1	67	47	85	3	2	1
55	焦距摄影室	1	20	1	null	0	0	1
55	焱子婚礼中心	1	49	2	null	0	2	1
55	熊猫慢递	1	20	6	null	0	0	1
55	熹妃摄影工作室	1	13	11	85	3	0	1
55	燕兰楼(朝外店).婚宴	1	50	0	null	0	2	1
55	燕兰楼·婚宴	3	70.67	0.33	23.67	0.33	3.33	1
55	燕子彩妆造型工作室	1	10	2	null	0	1	1
55	燕尔婚庆服务中心	1	33	11	null	0	3	1
55	燕郊侬浓婚纱	1	11	1	null	0	0	1
55	燕霓屏私人婚礼定制	1	40	82	null	0	3	1
55	燚摄影	1	25	1	null	0	0	1
55	爱 • 無瑕私人婚礼定制中心	1	51	10	88	3	1	1
55	爱V婚礼	1	95	0	null	0	8	1
55	爱上摄影工作室	1	10	3	67	13	0	1
55	爱丫爱丫写真馆	1	23	7	null	0	1	1
55	爱丽尔婚纱摄影	1	45	12	null	0	1	1
55	爱么久久海外婚纱摄影蜜月婚拍	1	55	19	89	5	1	1
55	爱之婚礼蛋糕	1	317	321	91	29	16	1
55	爱之韵婚纱摄影工作室	1	53	3	71	1	3	1
55	爱乐囍事婚礼策划机构	1	25	4	88	1	2	1
55	爱人婚纱摄影中心	1	17	18	54	14	0	1
55	爱人映像	1	33	0	80	1	0	1
55	爱人视界婚纱摄影	1	57	5	80	2	4	1
55	爱佳摄影工作室	1	24	2	83	2	0	1
55	爱出色彩妆婚纱	1	18	4	null	0	0	1
55	爱千丘创意定制婚礼策划	1	25	11	88	2	2	1
55	爱华彩妆工作室	1	69	88	85	7	2	1
55	爱卿阁嫁妆工作室	1	38	24	88	1	3	1
55	爱唯私诺婚礼会馆	2	13	0.5	0	0	1.5	1
55	爱尔视觉	1	12	1	null	0	0	1
55	爱尚吧	1	13	0	null	0	0	1
55	爱尚婚纱摄影	1	16	21	77	5	0	1
55	爱尚影像摄影	1	146	13	88	1	7	1
55	爱尚魔力婚纱摄影工作室	1	74	10	88	2	0	1
55	爱度一生婚庆服务	1	22	7	78	3	3	1
55	爱度久久婚礼策划	1	16	0	null	0	0	1
55	爱度婚纱摄影	1	213	56	86	6	11	1
55	爱心婚礼策划公司	1	156	10	76	3	9	1
55	爱心言海外婚礼	1	16	4	80	1	2	1
55	爱思琪婚庆	1	38	1	71	1	1	1
55	爱思维尔婚礼策划	1	11	2	null	0	0	1
55	爱思蜜思婚礼策划	1	11	0	null	0	0	1
55	爱恒视觉婚纱摄影	1	17	0	null	0	1	1
55	爱悠悠婚礼策划会馆	1	17	2	null	0	2	1
55	爱悠悠婚纱礼服	1	12	3	null	0	1	1
55	爱情岛婚纱摄影	1	81	44	78	11	1	1
55	爱情梦工场婚礼策划	1	878	37	93	30	41	1
55	爱情海婚礼会馆	1	16	0	null	0	1	1
55	爱情海宏伟摄影工作室	1	12	2	null	0	2	1
55	爱情纪婚礼策划	1	19	2	88	1	0	1
55	爱情蜜码婚礼顾问	1	65	28	72	24	2	1
55	爱情驿站婚礼策划	1	13	2	null	0	1	1
55	爱意久久婚礼策划	1	64	3	78	6	4	1
55	爱意婚纱摄影	1	22	1	88	1	0	1
55	爱意婚纱摄影机构	1	18	4	null	0	0	1
55	爱意浓浓婚庆	1	21	1	80	1	1	1
55	爱挚爱主题求婚策划机构	1	38	3	null	0	3	1
55	爱斐迩婚礼策划	1	24	12	88	1	2	1
55	爱方视觉专属摄影	1	51	84	80	11	1	1
55	爱曼妮婚纱礼服	2	21	31	82	3.5	0.5	1
55	爱曼琪婚礼顾问	1	67	72	88	1	2	1
55	爱曼达婚礼策划	1	35	5	88	1	0	1
55	爱比例专业尊贵婚典服务机构	1	25	5	88	1	4	1
55	爱汀·维尔婚纱馆	1	25	4	88	1	2	1
55	爱江山婚礼策划	1	47	18	null	0	3	1
55	爱洛亚婚礼策划	1	19	2	null	0	1	1
55	爱海伦高级时装定制	1	632	216	94	27	17	1
55	爱漫莎婚纱摄影工作室	1	32	42	86	8	0	1
55	爱熙华纱婚纱馆	1	40	9	80	1	0	1
55	爱燕子视觉	2	461.5	506	43	44.5	14.5	1
55	爱琴海私人婚礼定制	1	21	11	null	0	2	1
55	爱町喜品	1	58	8	78	4	3	1
55	爱的国际婚礼私享	1	11	0	null	0	0	1
55	爱的嫁衣婚纱礼服店	1	12	1	71	1	0	1
55	爱的故事婚礼	1	10	0	null	0	2	1
55	爱的故事婚礼顾问有限公司	1	10	0	null	0	1	1
55	爱米亚摄影工作室	1	21	41	null	0	1	1
55	爱纱糖婚纱定制	1	48	7	88	1	1	1
55	爱维怡德国际婚纱摄影	1	41	4	80	6	5	1
55	爱维怡德国际集团	1	17	2	80	1	2	1
55	爱美天婚礼策划	1	312	47	84	11	20	1
55	爱美天婚纱礼服馆	1	11	3	null	0	1	1
55	爱美阁婚礼策划	1	13	0	null	0	1	1
55	爱致尚婚礼策划	1	82	67	86	6	8	1
55	爱菲尔婚礼策划	1	21	0	null	0	1	1
55	爱菲雅国际婚纱摄影	1	125	13	88	1	13	1
55	爱萌新语婚礼策划	1	102	19	83	5	3	1
55	爱蓓丝婚礼策划	1	15	2	null	0	1	1
55	爱薇塔婚礼会馆	1	477	64	85	13	38	1
55	爱薇婷婚礼策划	1	27	0	66	1	2	1
55	爱薇时婚礼策划	1	50	13	83	6	5	1
55	爱见证婚礼策划	1	21	1	null	0	0	1
55	爱视觉高端婚纱摄影私人会所	1	135	465	93	51	4	1
55	爱诗澜度婚纱礼服高级定制	1	12	2	null	0	1	1
55	爱诺•国际婚纱摄影	1	12	0	null	0	0	1
55	爱诺人婚庆	1	14	0	null	0	1	1
55	爱诺佳人婚礼策划	2	67.5	32.5	89	11.5	4	1
55	爱诺情缘婚庆	1	10	2	null	0	1	1
55	爱都爱都婚纱礼服	1	65	17	81	5	1	1
55	爱非凡婚礼策划	1	10	5	null	0	1	1
55	牛人婚礼服务专家	1	83	1	88	1	5	1
55	牛人视觉摄影机构	1	166	50	90	14	5	1
55	牵缘圆婚庆	1	18	2	null	1	2	1
55	特意设计婚纱礼服	1	11	0	null	0	1	1
55	猜火车电影餐厅·婚宴	1	95	1	null	0	9	1
55	玉姐婚纱	1	20	12	80	2	1	1
55	玉姐彩妆婚庆	1	30	28	81	2	1	1
55	玉林烤鸭店	1	2040	1092	79	433	80	1
55	玉林烤鸭店·婚宴	1	25	0	null	0	0	1
55	玉玺缘阁婚礼策划	1	16	0	71	1	1	1
55	玉石婚纱摄影	1	430	28	85	5	18	1
55	王佳彩妆造型	1	62	11	71	1	4	1
55	王凯造型	1	17	1	88	1	3	1
55	王品台塑牛排·婚宴	3	153.67	1.67	26.67	0.67	2.33	1
55	王品台塑牛排·婚宴 亚运村店	1	14	0	null	0	null	1
55	王品台塑牛排·婚宴 西单店	1	12	0	null	0	null	1
55	王府井希尔顿酒店·婚宴	1	185	6	77	5	4	1
55	王府半岛酒店宴会厅	1	82	5	80	2	0	1
55	王源时尚摄影工作室	1	42	10	null	0	1	1
55	玖宫映像工作室	1	12	10	75	10	0	1
55	玖玖视觉婚纱摄影	1	265	156	91	21	15	1
55	玛奇朵婚纱摄影	2	37	4	44	0.5	2	1
55	玛格丽特婚纱馆	1	43	32	84	10	1	1
55	玛雅岛酒店·婚宴	1	27	0	null	0	0	1
55	玛雅时尚新派婚纱摄影	1	10	0	null	0	1	1
55	玛雅视觉婚纱摄影【海淀店】	1	16	1	null	0	0	1
55	玩美视觉婚纱摄影工作室	1	16	14	82	3	2	1
55	玫瑰丽人婚礼策划	1	26	5	null	0	2	1
55	玫瑰城堡时尚婚纱摄影会馆	1	80	27	76	10	2	1
55	玫瑰女人坊古装摄影	1	208	70	88	2	5	1
55	玫瑰嫁衣坊	2	83	43.5	77.5	9	2.5	1
55	玫瑰心情摄影机构	2	61	10	40	0.5	2.5	1
55	玫瑰星座·中国高端韩式摄影开创者	1	12881	2024	92	93	604	1
55	玫瑰星座摄影工作室	1	18	0	null	0	0	1
55	玲珑轩摄影工作室	1	15	1	null	0	2	1
55	玺棠宴会花艺	1	11	1	null	0	1	1
55	珀丽酒店·婚宴	1	16	0	71	1	1	1
55	珂兰摄影	1	64	11	80	2	5	1
55	珂兰钻石	1	1241	215	79	236	31	1
55	珍心婚庆	1	12	3	null	0	2	1
55	珍爱婚礼	1	77	3	null	0	7	1
55	珍爱时尚婚纱摄影	2	284	15.5	39	2	7	1
55	珠江帝景酒店帝景轩	1	364	31	80	14	13	1
55	琥珀色服装高级定制坊	1	11	2	null	0	1	1
55	琦幻婚纱礼服定制馆	1	151	258	92	18	6	1
55	琦纭高级定制	1	12	1	null	0	1	1
55	琪泺礼服	2	51	24.5	80	9.5	2	1
55	琰琰婚礼日记	1	32	1	88	1	2	1
55	琳尚彩妆	1	16	6	null	0	1	1
55	瑜舍酒店·婚宴	1	46	0	null	0	1	1
55	瑞丽嫁衣	2	209	172.5	89.5	34.5	14.5	1
55	瑞丽视觉写真馆	1	297	16	null	0	10	1
55	瑞亚时代摄影工作室	1	15	1	null	0	1	1
55	瑞伯定制	1	28	1	80	1	0	1
55	瑞合世纪时尚婚礼策划	1	14	3	null	0	0	1
55	瑞吉酒店·婚宴	1	11	0	null	0	0	1
55	瑞国影画	1	36	43	90	10	1	1
55	瑞恩钻饰名店	16	20.69	2.88	85.63	4.44	0.44	1
55	瑞摄影	1	16	13	89	6	0	1
55	瑞澜媤婚礼策划	1	17	3	85	3	2	1
55	瑞璞绅士西装高级定制	1	199	141	92	45	11	1
55	瑞禧私房婚礼庄园	1	11908	58	88	1	59	1
55	瑞秋服饰定制	1	16	0	null	0	0	1
55	瑞腾嘉华婚礼策划	1	11	1	null	0	0	1
55	瑞莎贝拉婚纱礼服	1	83	165	69	10	2	1
55	瑞邦洋服定制会所	1	42	6	null	0	1	1
55	璀璨巴黎时尚婚纱摄影会馆	1	93	10	null	0	4	1
55	璟泰公馆·婚宴	1	15	0	null	0	0	1
55	甜蜜11月婚纱馆	1	30	17	88	1	0	1
55	甜蜜坊婚礼策划服务中心	2	12	2.5	0	0	0.5	1
55	甜蜜时分婚礼策划	1	35	20	83	5	3	1
55	甜蜜行动婚庆	1	10	0	null	0	0	1
55	田野私语	1	10	1	null	0	0	1
55	田野视觉摄影工作室	1	15	1	71	1	1	1
55	甲21号招待所	1	1673	3524	87	1528	67	1
55	甲乙丙彩妆	1	13	1	null	0	0	1
55	甲壳虫婚礼车队	1	21	10	null	0	0	1
55	申影婚纱摄影	1	20	2	71	1	1	1
55	电影魔方视觉工厂	1	13	3	null	0	1	1
55	男士礼服定做西服衬衫大衣绯绅店	1	1226	273	92	62	59	1
55	畅然轩·婚宴	1	15	0	null	0	0	1
55	白家大院·婚宴	1	102	0	null	0	10	1
55	白纱糖婚纱摄影	1	739	118	90	18	32	1
55	白色.凯乐高级婚纱定制	1	269	77	91	16	12	1
55	白色蜗牛婚礼会馆	1	31	6	88	1	4	1
55	白色阶梯婚礼策划	1	46	8	80	3	3	1
55	白雪时尚婚纱摄影工作室	1	67	43	86	10	5	1
55	白鹤宴会厅	1	65	5	73	11	1	1
55	百万新娘婚纱会馆	1	21	1	null	0	0	1
55	百变新娘时尚婚纱	1	28	54	88	4	1	1
55	百合恋人婚纱摄影	1	25	1	80	1	0	1
55	百合神话 婚纱	1	10	0	null	0	0	1
55	百合风情婚纱婚庆礼仪服务	1	32	1	null	0	3	1
55	百子湾9号	1	15	1	null	0	0	1
55	百富怡大酒店·婚宴	1	14	0	null	0	1	1
55	百川大进婚纱摄影	1	11	3	68	2	2	1
55	百年永乐烤鸭店·婚宴	1	17	0	null	0	0	1
55	百年随园	1	23	1	null	0	0	1
55	百年食府(亦庄店).婚宴	1	15	1	null	0	0	1
55	百年食府·婚宴	1	25	0	null	0	1	1
55	百灵千禧摄影	1	11	0	null	0	0	1
55	百环饭店·婚宴	1	11	0	null	0	0	1
55	百荣香港情恋百年婚纱旗袍礼服	1	57	9	null	0	4	1
55	皇冠自酿啤酒庄园·婚宴	1	38	1	null	0	0	1
55	皇城花梦婚礼策划创意馆	1	27	4	null	0	2	1
55	皇家大饭店宴会厅	1	73	2	79	3	3	1
55	皇家驿栈酒店·婚宴	1	10	0	null	0	0	1
55	皇苑大酒店宴会厅	1	40	4	67	4	2	1
55	盈福楼·婚宴	1	13	0	null	0	0	1
55	盐府逸栈(大望路店).婚宴	1	85	5	80	3	5	1
55	盐府逸栈·婚宴	1	35	0	71	1	1	1
55	盖娅婚纱私人定制	1	37	27	88	1	1	1
55	盘古七星·婚宴	1	17	0	null	0	1	1
55	盘古七星酒店宴会厅	1	3814	71	91	21	50	1
55	盛世唐宫海鲜舫·婚宴	1	58	0	null	0	2	1
55	盛世本色旅游婚纱摄影	1	27	1	88	1	2	1
55	盛世祥云穆斯林婚纱摄影回族婚庆	1	37	8	null	0	0	1
55	盛世良缘婚礼策划	1	17	1	null	0	0	1
55	盛丹锦高级服装定制	1	17	3	null	0	1	1
55	盛格恒男士礼服	1	34	9	88	4	0	1
55	盛百味·婚宴	1	48	0	null	0	2	1
55	盛芳艺园生态美食城·婚宴	1	37	1	null	0	1	1
55	盟约影像	1	22	3	null	0	1	1
55	相亲相爱婚庆服务	1	15	1	80	1	0	1
55	相悦婚纱摄影工作室	1	22	5	null	0	1	1
55	相知相爱主题婚礼会馆	1	16	9	62	1	0	1
55	眉州东坡酒楼·婚宴	20	88.15	0.9	13	0.3	2.35	1
55	真心真爱婚纱摄影	1	16	2	null	0	1	1
55	真情猎婚网	1	710	28	80	3	19	1
55	真爱之旅	1	10	1	null	0	1	1
55	真爱之旅全球旅行婚纱摄影工场	1	10	2	null	0	0	1
55	真爱物语Love Story Wedding	1	11	6	null	0	0	1
55	真谛一生婚纱摄影	1	16	0	71	1	1	1
55	睿制男装	1	136	36	84	3	6	1
55	睿思曼婚礼策划	1	250	62	73	2	30	1
55	睿诚华典私人婚礼会馆	1	11	1	null	0	0	1
55	睿诚婚礼策划	1	10	0	null	0	0	1
55	瞳摄影工作室	1	449	157	72	5	15	1
55	瞳星摄影工作室	1	14	3	null	0	1	1
55	瞳视觉影像传播机构	1	40	28	79	7	2	1
55	矛盾体创意摄影工作室	1	44	5	null	0	1	1
55	矢車菊婚紗禮服私人定製	1	39	3	null	1	10	1
55	矢车菊婚纱礼服私人定制	1	20	0	null	0	3	1
55	石景山金禧坊婚庆	1	36	3	88	1	2	1
55	石龙文化婚庆	1	14	0	null	0	0	1
55	砂锅居·婚宴	1	385	6	80	2	7	1
55	碟中碟·婚宴	1	18	0	null	0	3	1
55	神农梦幻摄影	1	26	3	88	1	2	1
55	祥仔喜铺鲜花婚庆	1	11	0	null	0	1	1
55	祥和华典婚礼策划	1	14	0	null	0	4	1
55	福乐美圆梦婚礼策划机构	1	13	0	null	0	0	1
55	福刚昊华	1	24	1	null	0	0	1
55	福德甜缘糖果店	1	19	2	null	0	2	1
55	福楼法餐厅 FLO·婚宴	1	1954	207	89	15	12	1
55	福泰宫·婚宴	1	52	1	null	0	0	1
55	福瑞雅婚礼私享家	1	168	9	83	5	14	1
55	禧佳福	1	10	2	62	1	0	1
55	禧宴·婚宴	1	11	1	null	0	null	1
55	禧立方旗袍体验馆	2	108	56	45	4.5	2.5	1
55	禹含造型	1	11	8	null	0	1	1
55	秀.花园鲜花店	1	10	3	null	0	0	1
55	秀禾服秀禾装裙褂龙凤褂定制工作室	1	77	21	null	0	4	1
55	私家裁缝	1	31	3	71	1	1	1
55	私家裁缝世贸天街尚都	1	25	4	null	0	0	1
55	秉梵摄影·高端私人定制	1	420	99	91	12	22	1
55	秉梵摄影工作室	1	12	136	null	47	1	1
55	秋之恋婚纱摄影楼	1	15	1	null	0	3	1
55	科力淮扬村·婚宴	1	16	0	null	0	2	1
55	稀区视觉摄影工作室	1	200	257	93	20	10	1
55	程程婚礼工作室	1	11	0	null	0	0	1
55	穆德楼清真餐厅	1	156	71	50	98	3	1
55	突玛丽斯新疆餐厅	1	45	423	null	284	3	1
55	窦店幸福汇婚庆服务中心	1	10	0	null	0	1	1
55	童心童乐摄影工作室	1	27	0	null	0	1	1
55	童话嫁衣坊	1	98	185	75	14	5	1
55	第一夫人婚纱摄影馆	1	126	14	88	3	7	1
55	第一微电影	1	628	143	85	4	33	1
55	第二乐章	1	109	0	null	0	1	1
55	简单·爱婚典策划	1	10	0	null	0	1	1
55	简单爱婚庆	1	13	0	79	3	1	1
55	简影私人定制婚纱摄影机构	1	1660	817	94	42	94	1
55	简摄影	1	38	12	80	1	1	1
55	简爱视觉	1	13	4	80	1	0	1
55	米乐摄影工作室	1	12	1	null	0	1	1
55	米亚国际婚纱礼服	1	47	13	88	1	1	1
55	米兰春天婚纱影楼	3	52.33	20.67	71	6.33	3	1
55	米兰经典婚纱摄影	1	30	5	null	1	1	1
55	米兰风尚	1	19	0	70	1	0	1
55	米兰风情婚纱摄影	1	70	3	null	0	6	1
55	米拉婚纱定制	1	18	1	null	0	0	1
55	米洛斯时尚私人摄影会所	1	76	83	90	10	3	1
55	米糖私人婚礼顾问	1	20	6	null	0	2	1
55	米苏唯娜婚礼公社	1	10	0	null	0	0	1
55	米苏摄影工作室	1	401	169	91	16	26	1
55	粉墨名旦专业摄影会所	1	13	3	null	0	1	1
55	粉蕾丝婚纱馆	1	28	1	null	0	0	1
55	精叡时尚摄影馆	1	21	7	66	1	2	1
55	精美婚纱馆	1	419	407	90	15	12	1
55	精致爱情韩式摄影基地	1	27	5	88	1	2	1
55	糖果先生	1	10	1	null	0	0	1
55	糖果屋摄影工作室	1	11	2	null	0	1	1
55	糖果蜜恋婚庆策划	1	14	0	null	0	0	1
55	素年囍时婚礼策划	1	431	11	88	5	24	1
55	索菲亚时尚婚纱摄影	1	22	23	83	8	2	1
55	索钻珠宝	1	37	35	88	48	4	1
55	紫光园	1	210	10	62	1	2	1
55	紫怡缘婚礼策划	1	81	6	80	1	7	1
55	紫房子婚庆	1	47	10	78	21	2	1
55	紫棠春婚礼策划	1	19	2	null	0	0	1
55	紫海艺树私人宴会定制	1	28	7	88	2	1	1
55	紫禁丽人	1	21	8	80	1	3	1
55	紫羽缘婚礼策划公司	1	16	1	null	0	1	1
55	紫色标典主题婚礼会馆	1	19	14	null	0	1	1
55	紫苏餐厅·婚宴	1	1015	41	83	4	33	1
55	紫荆豪庭港式粤菜酒楼·婚宴	1	196	4	88	2	4	1
55	紫薇花开婚礼策划	1	12	0	null	0	0	1
55	紫藤树婚庆	1	56	27	71	1	2	1
55	紫藤萝婚庆服务中心	1	15	1	88	1	1	1
55	紫辰男士礼服西服定制	1	536	241	92	21	26	1
55	紫金丽亭酒店·婚宴	1	17	0	null	0	1	1
55	繁星摄影工作室	1	234	22	88	7	12	1
55	繁星艺术婚礼堂	1	14	0	null	0	0	1
55	红喜坊主题婚礼策划馆	1	16	19	70	3	1	1
55	红太阳美食生态园(东坝乡店).婚宴	1	142	3	88	1	8	1
55	红太阳美食生态园·婚宴	2	24.5	0.5	0	0	0.5	1
55	红妆馆古典摄影	1	43	10	null	0	1	1
55	红影坊	1	70	9	83	2	1	1
55	红房子婚庆	1	40	3	74	3	3	1
55	红斑鸠婚庆	1	11	2	null	0	0	1
55	红日双喜美食城	1	21	2	null	0	3	1
55	红杉假日酒店·婚宴	1	12	0	null	0	0	1
55	红杉假日酒店宴会厅	1	21	2	null	0	0	1
55	红点艺术工厂	1	28	0	null	0	2	1
55	红琴坊婚礼小提琴乐队	1	83	24	85	2	3	1
55	红瑞祥中式婚礼婚庆策划	1	15	5	null	0	0	1
55	红百合婚礼策划	3	465.33	99.33	86	22	25.67	1
55	红磨坊摄影•清新电影时尚	1	10635	652	92	61	636	1
55	红美源豪华婚车车队	1	14	2	null	0	0	1
55	红色摄影会馆	1	72	17	87	5	8	1
55	红色盛宴大酒楼·婚宴	1	18	0	null	0	0	1
55	红色马六婚庆车队	1	36	2	null	0	0	1
55	红莲烤鸭店·婚宴	2	16	0	0	0	0.5	1
55	红蔷花艺	1	55	6	88	2	2	1
55	红邦创衣西服衬衫高级定制店	1	87	28	88	1	3	1
55	红都服装高级定制	4	52.5	5	20	0.5	2.75	1
55	红鑫喜婚紗攝影	1	44	1	66	2	3	1
55	红馆私人婚礼摄影	1	13	3	null	0	0	1
55	红马六婚庆车队	1	90	2	77	5	1	1
55	红龙鱼婚庆	1	17	82	83	2	1	1
55	纪念日·淘婚体验店	1	17	3	null	0	0	1
55	纯粹视觉婚纱摄影工作室	2	506	464	92	26	22	1
55	纯纯彩妆造型	1	32	2	null	0	5	1
55	纯美婚礼策划工作室	1	65	17	88	2	5	1
55	纸上电影摄影机构	1	25	8	88	1	0	1
55	纽扣堂婚礼动画	1	11	1	null	0	0	1
55	纽梵斯婚纱	1	24	53	83	4	0	1
55	纽约丽致私人婚纱摄影会所	1	52	6	80	1	3	1
55	纽约国际婚纱摄影尊爵馆	1	283	72	79	7	14	1
55	纽约恋婚纱摄影	1	29	7	null	0	1	1
55	纽约纽约婚礼策划中心	1	11	0	null	0	0	1
55	纽约纽约时尚婚纱摄影	2	8569	200.5	45.5	59	53.5	1
55	绅士服装	1	16	0	null	2	1	1
55	绅士衬衫	1	32	1	88	1	1	1
55	经典时光婚庆	1	16	3	80	1	1	1
55	经纬风尚原创摄影机构	1	21	31	69	8	3	1
55	绒心婚礼策划	1	13	2	null	0	1	1
55	结婚找我吧	1	40	14	62	1	6	1
55	绝伦摄影工作室	1	45	50	80	4	2	1
55	绝艺绅士礼服	1	19	0	null	0	2	1
55	绮莉婚纱礼服定制	1	42	22	88	2	1	1
55	绯绅男士礼服	1	19	0	null	0	2	1
55	维也纳婚礼会馆	1	16	0	null	0	1	1
55	维也纳婚礼策划	1	11	1	null	0	1	1
55	维也纳婚纱摄影	3	150.33	8.67	60.33	9.67	7	1
55	维尼莎婚纱礼服	1	70	83	85	6	3	1
55	维恩视觉	1	28	27	85	17	1	1
55	维纳斯婚纱摄影	1	66	59	82	18	1	1
55	维衣西服衬衫定制	2	114	104.5	86.5	1.5	5.5	1
55	绽放摄·高端私人定制	1	349	161	90	16	18	1
55	绽美嫁衣坊	1	13	33	71	6	1	1
55	绿绿鲁可摄影工作室	1	53	19	null	0	2	1
55	绿色视觉	1	21	0	null	0	1	1
55	绿野视觉摄影工作室	1	44	15	85	7	1	1
55	绿鑫婚纱作坊	1	10	1	null	0	0	1
55	缇娜国际婚纱摄影	1	64	10	88	1	3	1
55	缘分嫁衣坊	1	12	12	null	0	0	1
55	缘圆鲜花婚庆	1	10	0	null	0	0	1
55	缘圣洁婚纱礼服	1	34	14	88	1	0	1
55	缘定今生婚礼策划	1	11	2	null	0	0	1
55	缘定恒星婚礼主题会馆	1	15	3	null	0	1	1
55	缘摄影工作室	1	35	52	62	1	0	1
55	缘梦婚庆	1	12	1	null	0	0	1
55	缘鑫蕊婚礼策划	1	63	26	89	5	3	1
55	缪斯高端婚纱制定	1	10	5	null	0	0	1
55	罗威婚纱	1	12	0	null	0	0	1
55	罗威婚纱摄影	3	44.33	5	48.33	5.67	2.33	1
55	罗曼之约婚纱影楼	1	32	5	68	3	3	1
55	罗曼卡影视文化传媒	1	470	213	95	34	13	1
55	罗曼罗兰婚纱摄影	1	19	5	null	4	1	1
55	罗曼薇亭婚礼婚纱馆	1	68	33	88	2	1	1
55	罗门风情婚纱摄影	2	28	6	40	0.5	0	1
55	罗马印象婚纱摄影	1	28	15	71	1	0	1
55	罗马时光婚纱摄影	1	10	0	null	0	0	1
55	罗马春天婚纱摄影	1	22	0	null	0	4	1
55	罗马风情27°婚纱影城	1	21	9	null	1	3	1
55	美丽坊STUDIO影像馆	1	16	0	null	0	1	1
55	美丽坊摄影工作室	1	27	18	null	0	4	1
55	美丽新计写真摄影公馆	1	116	0	null	0	9	1
55	美丽时光婚纱礼服定制馆	1	47	1	null	0	7	1
55	美之神形象设计工作室	1	13	1	null	0	0	1
55	美人鱼彩妆工作室	1	19	3	null	0	0	1
55	美华美依西服定制	1	153	149	90	17	13	1
55	美卡美妆新娘造型	1	28	8	null	0	2	1
55	美味珍御膳(国贸店).婚宴	1	12	0	null	0	0	1
55	美嘉	1	10	0	null	0	0	1
55	美图视觉摄影工作室	1	37	10	88	2	0	1
55	美妙时刻婚礼工作室	1	26	2	88	1	2	1
55	美忆定制	1	176	33	83	9	3	1
55	美意风尚形象设计	1	32	16	88	2	0	1
55	美摄影	1	10	249	null	18	0	1
55	美时丽尚化妆造型机构	1	16	0	null	0	0	1
55	美时婚礼顾问工作室	1	22	11	null	0	1	1
55	美术丸子摄影工作室	1	10	1	57	1	0	1
55	美泉宫饭店·婚宴	1	34	0	null	0	1	1
55	美洛蒂私属婚礼定制	1	135	18	88	1	11	1
55	美淇嘉艺化妆工作室	1	16	6	null	0	0	1
55	美焦点时尚婚纱摄影	1	100	3	88	2	2	1
55	美爵酒店宴会厅	1	119	6	71	1	4	1
55	美约影像工作室	1	12	2	null	0	2	1
55	美艺写真工作室	1	10	0	null	0	0	1
55	美芝合婚礼策划机构	1	25	0	null	0	8	1
55	美花艺美婚礼策划	1	12	0	null	0	0	1
55	美薇亭婚礼顾问	1	536	314	85	16	12	1
55	美薇婷酒店	1	28	0	null	0	1	1
55	美邦婚礼策划公司	1	93	3	88	1	17	1
55	美钻工坊	1	39	41	75	5	4	1
55	美高美国际酒店中餐厅	1	64	2	null	0	4	1
55	群生世家餐饮·婚宴	1	21	0	null	0	1	1
55	羲和雅苑烤鸭坊·婚宴	1	134	0	null	0	3	1
55	羽岩映像摄影	1	127	43	83	12	5	1
55	羽鸽婚庆	1	13	1	80	1	1	1
55	翊格工作室	1	14	2	null	0	1	1
55	翠墨蓝荷	1	18	2	88	1	1	1
55	翠微可晶婚纱摄影	3	37.33	6.33	53.33	2.67	1.67	1
55	翡瑟婚纱礼服	1	248	255	91	20	14	1
55	翼栈餐吧·婚宴	1	22	1	null	0	1	1
55	老么摄影	1	11	1	71	2	1	1
55	老凤祥	1	29	4	69	23	2	1
55	老凤祥银楼	1	11	0	80	2	2	1
55	老奶奶创意厨房	1	10	0	null	0	1	1
55	老幺摄影工作室	1	12	4	67	4	1	1
55	老广酒楼·婚宴	1	29	0	null	0	2	1
55	老故事文化主题餐厅·婚宴	1	59	3	null	0	3	1
55	老朱影像坊	1	11	2	null	0	1	1
55	老镇玫瑰法式餐厅·婚宴	1	70	5	null	0	2	1
55	耐思高端婚礼定制	1	3320	282	83	36	36	1
55	聚德华天烤肉季·婚宴	1	92	1	null	0	0	1
55	聚星视界	1	84	156	92	26	1	1
55	聚焦婚纱摄影	1	14	1	null	0	1	1
55	聚焦摄影	4	3115.75	1023.75	88	103.25	72.75	1
55	聚焦皇后国际婚纱馆	1	89	173	77	100	3	1
55	聚焦视界摄影工作室	1	11	0	null	0	0	1
55	聚焦风尚婚纱摄影	1	15	0	null	0	1	1
55	聚象摄影	1	517	51	79	10	14	1
55	胖喜兔婚礼策划	1	11	1	null	0	1	1
55	胖范儿摄影	1	14	0	null	0	0	1
55	胜世婚礼策划	1	12	3	null	0	1	1
55	自然光摄影	1	11	1	null	0	1	1
55	至上臻美高级私人婚纱礼服	1	46	149	88	6	0	1
55	至唯风尚婚纱礼服店	1	19	1	null	0	1	1
55	至爱倾城婚礼策划	1	87	11	88	1	4	1
55	至美婚车礼宾车租赁	1	13	2	null	0	0	1
55	至美礼服婚纱	1	225	503	91	30	7	1
55	致尚雅悦海外婚礼	1	38	7	null	0	3	1
55	致美婚纱摄影	1	11	238	null	3	1	1
55	致美视觉婚纱摄影	1	143	0	88	1	20	1
55	臻. 礼宴	1	20	1	null	0	2	1
55	臻美世家高端旗袍定制馆	1	124	50	88	2	3	1
55	舞映像顶级婚纱摄影机构	1	39	44	90	19	2	1
55	良乡巴黎春天影楼	1	13	0	null	0	0	1
55	良人婚纱摄影机构	1	94	37	77	9	1	1
55	良山巴黎春天婚纱馆	1	18	1	71	1	1	1
55	色彩婚礼策划	1	12	0	null	0	3	1
55	色摄社	1	93	55	89	5	6	1
55	艳时尚化妆造型工作室	1	15	3	null	0	0	1
55	艺圣阁婚礼策划	1	13	1	null	0	0	1
55	艺天婚纱婚庆一条龙服务	1	13	0	null	0	0	1
55	艺彩视觉摄影	1	13	0	null	0	0	1
55	艺扬婚礼策划	1	128	63	87	3	13	1
55	艺海风情婚纱摄影	2	21.5	5	0	0	0	1
55	艺玲彩妆工作室	1	13	5	null	0	0	1
55	艺萌婚礼策划	1	55	8	89	8	7	1
55	艺蒂视觉摄影工作室	1	49	496	null	63	3	1
55	艺视觉摄影工作室	1	12	3	null	3	1	1
55	艾丝薇尔婚纱	1	26	9	88	1	0	1
55	艾丽丝婚礼策划	1	5186	124	91	12	375	1
55	艾伊世纪	1	22	1	88	1	1	1
55	艾唯(aiv)私属婚礼定制	1	464	11	91	13	33	1
55	艾地婚礼	2	29	46.5	82	9	1	1
55	艾妮婚礼策划	1	535	310	84	19	20	1
55	艾妮婚礼策划体验馆	1	30	8	88	3	3	1
55	艾尚彩妆工作室	1	17	5	null	0	1	1
55	艾尚视觉婚纱摄影	1	84	12	78	3	2	1
55	艾思视觉新概念婚纱摄影	3	17.67	16	81	13.33	1.67	1
55	艾恩婚礼	1	325	75	81	9	10	1
55	艾斐婚礼策划	1	14	1	70	1	2	1
55	艾斐婚纱定制	1	13	1	null	0	0	1
55	艾斐新娘形象	1	11	0	null	0	0	1
55	艾曼妮婚庆	1	21	5	null	0	0	1
55	艾淇创意婚礼策划	2	24	9.5	44	1	2	1
55	艾玛视觉婚纱摄影	1	108	97	74	14	10	1
55	艾玛视觉摄影	1	37	3	80	1	0	1
55	艾玫芮婚纱礼服定制会馆	1	31	51	86	4	2	1
55	艾瑞Day私人婚礼定制	1	126	15	88	2	3	1
55	艾米嫁衣馆	1	337	100	93	26	9	1
55	艾米尔时尚婚礼会馆	1	31	1	null	0	3	1
55	艾纱婚礼策划	1	14	6	null	0	1	1
55	艾维克涉外商务酒店·婚宴	1	11	0	null	0	null	1
55	艾维克酒店宴会厅	1	199	64	74	64	5	1
55	艾维咿婚礼策划	1	11	2	null	0	1	1
55	艾维娜婚纱礼服私人定制	1	14	6	null	0	2	1
55	艾茉尔婚纱摄影私人管家	1	10	2	null	0	0	1
55	艾菲格摄影工作室	1	100	0	88	2	5	1
55	艾薇亭专业婚礼策划机构	1	124	9	88	1	5	1
55	艾薇儿婚纱定制	1	32	13	70	3	2	1
55	艾薇尔婚礼艺术工作室	1	13	2	null	0	0	1
55	艾薇尔时尚婚纱摄影	1	248	25	74	4	15	1
55	艾薇视觉婚纱摄影工作室	1	58	76	91	16	1	1
55	艾诺婚纱婚礼一站式服务机构	1	13	1	null	0	1	1
55	艾诺情缘婚礼策划	1	32	40	85	3	4	1
55	艾迪风尚婚礼策划馆	1	10	0	null	0	0	1
55	艾黛儿婚礼策划	1	133	0	null	0	6	1
55	艾黛儿高端婚礼私人定制	1	56	7	null	1	7	1
55	芊寻QWedding海外婚礼	1	39	1	null	0	2	1
55	芊翔男仕礼服	5	154.2	46.2	49.2	41.2	4.2	1
55	芊芊新娘婚庆摄影有限公司	1	10	0	null	0	0	1
55	芊蕙婚纱礼服馆	1	45	55	88	2	2	1
55	芒果婚礼策划	2	37.5	4	44	0.5	2.5	1
55	芒果摄影	2	121	63.5	41	3.5	7.5	1
55	芙丽雅婚礼策划	1	59	4	null	0	1	1
55	芙洛亚高端婚礼定制	2	16.5	3.5	0	0	3	1
55	芙罗拉花艺工作室	1	82	21	88	1	4	1
55	芙蓉花摄影	1	30	3	76	2	0	1
55	芙蓉豪廷餐饮会所	1	47	7	null	0	3	1
55	芝心海外摄影婚礼	1	114	14	null	1	4	1
55	芬蝶瑞诗婚纱旗袍礼服高级定制	1	517	139	92	29	15	1
55	芭比新娘婚纱礼服定制工作室	1	15	4	null	0	0	1
55	芭莎嘉婚纱礼服高级成衣定制工作室	1	63	52	81	3	1	1
55	芭莎国际婚纱摄影	1	59	0	null	0	4	1
55	花之吻高端摄影	1	10	0	62	1	0	1
55	花之嫁衣纪实婚礼	1	10	2	null	0	0	1
55	花之雅婚纱摄影	1	62	8	88	1	3	1
55	花儿摄影	1	14	4	null	0	0	1
55	花囍阁婚礼策划	1	14	2	null	0	0	1
55	花妃高端婚纱摄影机构	1	79	47	87	6	7	1
55	花嫁之约	2	19	3	28.5	0.5	1.5	1
55	花嫁之约婚纱摄影	1	36	6	80	3	4	1
55	花嫁新娘	1	24	0	null	0	1	1
55	花嫁美约婚礼策划	1	11	1	null	0	1	1
55	花宫娜高端婚礼定制	1	70	100	78	3	6	1
55	花家怡园·婚宴	8	127.13	1.13	8.25	0.25	3.5	1
55	花开有声婚纱礼服高级定制	1	564	72	77	9	34	1
55	花开高级婚礼定制工作室	2	17	2.5	44	0.5	0.5	1
55	花果山摄影工作室	1	16	1	null	0	1	1
55	花栖摄影•清新优雅自然	1	8902	593	90	19	41	1
55	花样芭莎婚纱摄影机构	1	48	18	null	0	2	1
55	花海阁婚礼策划	5	152.2	103.2	94.6	12.4	5.8	1
55	花海阁婚礼策划体验中心	1	3000	162	91	118	135	1
55	花海阁微电影VVS团队	1	282	1	null	0	4	1
55	花海阁高端婚礼定制旗舰店	1	206	2	89	5	7	1
55	花满庭主题婚礼会馆	1	15	0	null	0	0	1
55	花漾婚纱礼服馆	1	105	95	82	7	2	1
55	花漾时光婚纱	1	19	1	88	2	1	1
55	花熙婚纱摄影工作室	1	25	1	null	0	1	1
55	花田印象婚纱摄影	1	24	1	null	0	2	1
55	花田喜事婚礼策划	1	161	76	82	53	4	1
55	花田喜铺婚礼定制	1	1500	340	91	23	72	1
55	花知蕾婚礼策划工作室	1	14	0	null	0	2	1
55	花神假日酒店生态园	1	47	6	null	0	0	1
55	花神街	1	111	35	69	17	5	1
55	花神街喜庆文化创意园区	1	33	3	66	1	2	1
55	花都久典婚庆	1	16	0	null	0	0	1
55	花雨田高级婚纱定制会所	1	23	2	80	1	0	1
55	花颜喜铺	1	57	9	80	2	3	1
55	芳华珠宝	1	10	5	76	3	0	1
55	芳香汇	1	21	2	null	0	1	1
55	苏朵嫁衣	1	87	74	84	5	1	1
55	苏格摄影	1	11	0	null	0	0	1
55	苏格摄影工作室	1	30	4	null	0	2	1
55	苏浙汇·婚宴	2	114.5	0.5	0	0	3	1
55	苏源锦江宾馆玉兰厅	1	29	0	71	2	0	1
55	苏苏彩妆工作室	1	104	50	83	8	5	1
55	苏菲雅婚纱摄影	1	65	210	70	29	6	1
55	苏蒂私家摄影	1	16	1	null	0	1	1
55	若伊•莱斯婚纱臻选馆	1	183	203	91	19	10	1
55	英国ZELEB兰质皇家高级定制	2	311	191	91.5	15.5	3.5	1
55	英国布郎西服私家定制	1	40	4	88	1	1	1
55	英尼尔西服定制	1	43	17	81	6	2	1
55	茂盛龙高级定制	2	84.5	125	81.5	31	0.5	1
55	范峻造型	1	54	5	88	2	7	1
55	范范嫁衣	1	26	4	88	3	0	1
55	茉莉.婚宴	1	97	0	null	0	8	1
55	茉莉花开婚纱摄影	1	27	0	null	0	0	1
55	茉莉苑艺术花店	1	40	12	80	1	1	1
55	茗品莎婚纱礼服馆	1	118	40	84	9	7	1
55	茗薇国际婚纱礼服定制	2	212.5	167.5	90.5	32	11	1
55	茜茜莉雅婚纱摄影	1	89	5	80	3	1	1
55	茱莉雅婚纱摄影中心	1	35	5	68	4	1	1
55	茵丝黛尔婚礼会馆	1	20	1	null	0	2	1
55	草塘公馆.婚宴	1	16	0	null	0	0	1
55	荣华天地云剧场.婚宴	1	36	0	null	0	1	1
55	莉安娜婚纱摄影	1	10	0	null	0	2	1
55	莫斯科餐厅·婚宴	1	124	0	null	0	4	1
55	莱菲婚纱摄影	1	10	1	null	0	0	1
55	莲子彩妆造型工作室	1	16	2	null	0	0	1
55	菜百首饰店	4	904.75	106	61.75	363.25	27.75	1
55	菲儿摄影工作室	1	154	73	86	10	6	1
55	菲林520婚纱视觉摄影机构	1	21	45	77	13	1	1
55	菲澜婚纱礼服精品定制	1	12	348	76	4	0	1
55	萃华楼饭庄·婚宴	1	40	1	null	0	2	1
55	萌忆摄影工作室	1	2485	296	94	35	26	1
55	萌玉金缘婚庆	1	10	2	null	0	2	1
55	萱轩嫁衣	1	10	1	null	0	0	1
55	葛澜婚纱礼服专业定制	1	2348	578	92	72	92	1
55	蒂芙尼摄影	1	25	0	null	0	1	1
55	蒋威私人造型工作室	1	23	3	null	0	1	1
55	蒙娜丽莎婚纱摄影	2	3721.5	1994.5	90.5	118	160.5	1
55	蒙娜丽莎婚纱摄影工作室	1	339	101	77	15	21	1
55	蒙娜丽莎婚纱摄影概念店	1	1085	369	93	48	27	1
55	蒙娜丽莎摄影基地	1	43	2	null	0	1	1
55	蒙娜丽莎概念婚纱摄影会馆	1	122	2	null	0	11	1
55	蒙娜丽莎蒂芬妮礼服馆	1	5611	559	91	61	135	1
55	蒙娜丽莎视觉婚纱摄影	1	99	1	null	0	1	1
55	蓝地时尚婚礼庄园	1	30	0	null	0	0	1
55	蓝宝石婚纱影楼	1	13	1	57	2	0	1
55	蓝度婚礼策划	1	12	1	null	0	1	1
55	蓝弥婚纱	1	70	74	81	3	7	1
55	蓝海风尚私属订制STUDIO	1	73	1	null	0	6	1
55	蓝盐水下摄影	1	214	123	89	7	3	1
55	蓝色嫁衣婚纱摄影工作室	1	56	7	null	0	6	1
55	蓝色梦幻婚礼策划有限公司	1	14	0	null	0	2	1
55	蓝薇婚礼策划	1	14	1	62	1	0	1
55	蓝调七号婚礼策划	1	35	2	null	0	2	1
55	蓝调国际婚礼中心	1	55	5	null	0	3	1
55	蓝调庄园婚礼基地	1	81	13	71	1	1	1
55	蓝调气球	1	21	5	null	0	1	1
55	蓝调花语婚庆	1	37	5	71	2	1	1
55	蓝调薇汀专属婚礼定制机构	1	278	60	91	13	21	1
55	蓝调薰衣草庄园	1	20	1	null	0	0	1
55	蓝调视觉婚纱摄影工作室	1	79	4	null	0	4	1
55	蓝钻国际美食自助百汇·婚宴	2	172	0.5	40	0.5	4	1
55	蓝顶婚礼	1	11	1	null	0	2	1
55	蔓延视觉婚纱摄影	1	29	12	80	2	1	1
55	蔚蓝视觉	1	41	23	84	6	3	1
55	蔡哥尔礼服店	1	15	1	null	0	0	1
55	蔷薇彩妆工作室	1	66	22	82	3	0	1
55	蕉叶·婚宴	2	58.5	0	0	0	3	1
55	蕾雅琳娜新娘妈妈礼服馆	1	27	23	80	3	0	1
55	薇兰阁婚纱	1	54	18	90	14	4	1
55	薇妮娅婚礼会馆	2	24	3	43	2.5	1	1
55	薇妮婚礼策划	1	30	14	68	3	1	1
55	薇娜婚礼定制中心	2	115.5	20.5	42	10.5	4.5	1
55	薇婷婚礼宴会花艺设计工作室	1	10	2	null	0	1	1
55	薇婷故事婚礼策划	1	75	2	88	1	1	1
55	薇拉视觉婚纱摄影	1	19	0	80	3	0	1
55	薇汀婚礼	1	10	1	null	0	0	1
55	薇然婚纱礼服定制	1	48	92	87	9	1	1
55	薇白映画摄影工作室	1	39	5	88	1	0	1
55	薇薇婚纱礼服订制馆	1	21	3	null	0	3	1
55	薇薇安婚纱摄影工作室	1	358	72	91	14	5	1
55	薇薇恋人婚纱摄影	1	21	0	80	2	2	1
55	薇薇新娘	7	56.43	12.43	50.43	9.71	2.57	1
55	薇薇新娘婚礼策划	2	100	56	85.5	4.5	5.5	1
55	薇薇新娘婚礼策划中心	3	82	16	136	2.33	3	1
55	薇薇新娘策划	1	12	0	null	0	0	1
55	薇薇视觉	1	18	1	71	2	1	1
55	藏爱经典婚纱摄影	1	27	6	71	2	2	1
55	藤和鲤视觉	1	16	3	80	2	1	1
55	藤薰定制	1	275	238	90	22	16	1
55	蘭CLUB婚礼会所	1	396	125	80	27	18	1
55	蘭club婚礼策划体验中心	1	9922	302	91	52	112	1
55	蘭会所·婚宴	1	132	1	88	1	3	1
55	蘭贵坊古装摄影	1	1232	74	88	4	26	1
55	虹视觉摄影工作室	1	31	3	83	2	2	1
55	蜀中仙川味大酒楼·婚宴	1	17	1	null	0	0	1
55	蜀乡竹林风味酒楼(白石桥店).婚宴	1	19	1	null	0	1	1
55	蜀园饭庄·婚宴	1	22	0	null	0	0	1
55	蜀国演义酒楼·婚宴	3	54.33	0.67	0	0	0.67	1
55	蜜囍诺照相馆	1	21	4	88	1	1	1
55	蜜恋婚礼策划	1	14	2	null	0	1	1
55	蜜熊婚礼创意工作室	1	66	48	88	3	4	1
55	蜜糖婚礼策划	1	78	27	67	4	4	1
55	蜜糖玛丽婚礼策划	1	18	0	null	0	4	1
55	蜜罐儿新娘跟妆（高级化妆师）	2	11.5	1	0	0	0	1
55	蜜蜜婚礼策划工作室	1	112	5	84	3	5	1
55	蜜蜜映像微电影工作室	1	13	0	null	0	0	1
55	蜜语嫁衣时尚婚纱礼服定制	1	435	3	null	0	3	1
55	蜜语蔷薇婚礼策划	1	42	21	null	0	7	1
55	蝶摄影	1	13	2	79	4	0	1
55	蟹岛开饭楼·婚宴	1	21	0	null	0	0	1
55	行宫国际酒店·婚宴	1	17	0	null	0	0	1
55	衣纱布菲婚纱礼服旗袍新娘馆	1	55	50	null	4	1	1
55	裕卉美景花艺工作室	1	36	14	null	0	2	1
55	裕龙国际酒店·婚宴	1	12	0	null	0	0	1
55	裕龙国际酒店大宴会厅	1	140	13	80	6	5	1
55	裕龙大酒店宴会厅	1	71	24	73	22	1	1
55	西三旗生态园·婚宴	1	16	0	null	0	0	1
55	西地彩妆造型	1	94	96	91	13	2	1
55	西域饭庄·婚宴	1	39	0	null	0	0	1
55	西堤厚牛排·婚宴	2	255	0	0	0	10.5	1
55	西子伊人	1	36	3	70	3	4	1
55	西悦婚礼策划	1	49	18	88	1	5	1
55	西海鱼生·婚宴	1	33	0	null	0	0	1
55	西湖春天·婚宴	1	45	1	null	0	2	1
55	西直门教堂婚礼	1	151	21	null	0	6	1
55	西禾千禧婚礼顾问	1	90	14	88	11	10	1
55	西罗摄影	1	61	117	89	12	5	1
55	西苑饭店宴会厅	1	156	10	80	11	3	1
55	西西友谊酒店·婚宴	1	19	0	null	0	1	1
55	西贝莜面村·婚宴	3	114.67	0.67	0	0	3.33	1
55	见闻天下豪华婚礼车队	1	79	0	null	0	2	1
55	观奇洋服	5	49	2	51.2	0.6	1.8	1
55	觅唐餐厅·婚宴	1	85	1	null	0	0	1
55	觅爱婚纱工作室	1	35	6	88	1	2	1
55	视觉100摄影	1	25	6	83	2	0	1
55	视觉风尚摄影	1	44	29	82	8	6	1
55	视觉高端摄影工作室	1	53	0	null	0	0	1
55	觉色婚纱摄影工作室	2	56.5	38.5	83	5	1.5	1
55	許斌STUDIO彩妆造型工作室	1	129	43	81	7	3	1
55	许仙楼餐厅·婚宴	1	428	11	80	2	9	1
55	许愿树婚礼策划	1	11	0	null	0	0	1
55	诗缔婚礼	1	10	7	null	0	0	1
55	诗蒂喜糖	1	37	8	69	6	1	1
55	诗薇雅婚纱摄影工作室	1	124	45	80	11	5	1
55	诠爱ALLAI(定制妈妈装)(旗舰会所)	1	15	0	null	0	0	1
55	诠爱ALLAI（定制妈妈装）	1	199	8	null	0	4	1
55	语诺婚礼策划	1	33	92	81	6	1	1
55	诺丁山婚纱摄影实景基地	1	23	1	null	0	6	1
55	诺丁山婚纱摄影实景拍摄基地	1	17	0	null	0	0	1
55	诺克摄影	1	20	0	null	0	3	1
55	诺富特三元酒店·婚宴	1	11	0	null	0	0	1
55	诺富特和平宾馆宴会厅	1	15	3	68	3	1	1
55	诺恒·北京爱诺庄园一站式拍摄基地	1	17	1	null	0	2	1
55	诺恒·蓝调薰衣草庄园爱诺国际影城	1	17	0	null	0	1	1
55	诺恒婚纱电影实景基地	1	30	26	69	13	6	1
55	诺精品婚纱	1	85	94	91	25	3	1
55	谛爱婚礼策划	1	30	4	null	0	2	1
55	谢安视觉婚纱摄影·高端品质服务·引领中国婚纱摄影新风尚	2	1775.5	697.5	93	75.5	61	1
55	谭家菜·婚宴	1	76	0	null	0	2	1
55	豆蔻柠檬精品婚纱馆	1	11	1	80	1	1	1
55	豌豆树照相馆	1	10	6	null	0	2	1
55	豪华婚礼用车	1	13	2	null	0	0	1
55	豪华车队	1	67	6	null	0	0	1
55	豪尚豪牛排馆·婚宴	1	31	0	null	0	2	1
55	贝塔礼服	1	14	0	66	1	0	1
55	贝格蒂婚礼策划	1	585	168	93	59	41	1
55	贝特婚礼堂	1	11	0	null	0	0	1
55	贝西828婚礼庆典策划	1	10	3	null	0	1	1
55	贰零贰零摄影工作室	1	13	0	null	0	0	1
55	贵宾楼饭店紫金厅	1	62	15	80	3	4	1
55	贵州大厦·婚宴	1	12	0	null	0	0	1
55	贵都大酒店·婚宴	1	14	0	null	0	0	1
55	费昂娜的花园主题婚礼会馆	1	48	5	87	2	3	1
55	费洛蒙求婚策划	1	16	4	null	0	1	1
55	费罗拉私人订制	1	18	2	null	0	1	1
55	赖永初酒楼·婚宴	1	22	0	null	0	0	1
55	赛恩摄影	1	36	6	88	1	0	1
55	赛朵婚纱礼服高级定制	2	170	123.5	45	7	8	1
55	赫兰嘉品私属婚礼定制	1	433	77	94	28	24	1
55	赫拉宫邸婚纱摄影工作室	1	31	15	88	2	2	1
55	轩艺造型	1	14	12	null	0	1	1
55	辛巴达婚纱坊	1	46	10	67	4	0	1
55	辣婆婆·婚宴	2	48	1	0	0	0	1
55	辽宁饭店餐厅·婚宴	1	22	0	null	0	0	1
55	过客·婚宴	1	13	0	null	0	3	1
55	迈云维婷婚礼顾问	1	41	25	89	5	6	1
55	迈妮菲婚礼策划	1	44	4	88	1	3	1
55	运河湾生态园·婚宴	1	33	0	null	0	2	1
55	远望楼宾馆·婚宴	1	11	0	null	0	0	1
55	远通维景国际大酒店·婚宴	1	13	0	null	0	0	1
55	远通维景国际大酒店宴会厅	1	26	1	null	0	3	1
55	迦南之约婚礼策划	1	166	27	80	10	5	1
55	迷墙新派婚纱摄影机构	1	15	14	83	4	0	1
55	迷尚爱婚纱摄影工作室	1	29	13	88	1	0	1
55	迷岸摄影	1	25	8	80	1	1	1
55	迷迭香婚纱	1	22	1	null	0	2	1
55	追光逸摄影机构	1	13	0	null	0	1	1
55	造梦大师	1	32	0	null	0	1	1
55	造梦大师新体验婚纱摄影	1	13	1	null	0	1	1
55	逸品婚纱礼服定制工作室	1	30	31	80	3	1	1
55	逸品视觉婚纱摄影工作室	1	29	17	80	1	2	1
55	逸生珠宝	1	43	10	86	16	2	1
55	逸辰彩妆造型团队	1	12	1	null	0	0	1
55	運動瘦身康體工作室	1	19	0	null	0	1	1
55	道夫摄影工作室	2	40.5	9	40	0.5	0	1
55	道格玛影视	1	10	0	null	-1	0	1
55	那些年婚庆	1	17	1	71	1	0	1
55	那家小馆	3	85.33	1.33	0	0	3.33	1
55	那家小馆·婚宴	2	268.5	3.5	44	0.5	6.5	1
55	那家盛宴·婚宴	1	96	6	80	1	3	1
55	那时尚彩妆造型	1	13	1	null	0	1	1
55	那时花开摄影工作室	1	27	4	null	0	0	1
55	郝小姐婚纱	1	102	10	88	1	5	1
55	郝迪豪华婚车队	1	103	5	null	0	3	1
55	郡王府半岛明珠酒家·婚宴	1	35	0	null	0	0	1
55	郭林家常菜·婚宴	7	40.86	0	11.43	0.14	0.86	1
55	都一处烧麦馆·婚宴	1	36	0	null	0	1	1
55	都之琥珀婚纱摄影	1	23	46	88	11	1	1
55	都尚聚焦摄影·婚纱摄影新风尚	1	523	36	86	4	7	1
55	都市恋人国际婚纱摄影机构	1	10	20	82	11	0	1
55	酷爱婚礼策划	1	33	50	87	10	3	1
55	醉库红酒庄园	1	18	0	null	0	2	1
55	醉库餐厅·婚宴	1	19	0	null	0	0	1
55	醉爱时尚餐厅·婚宴	1	144	0	80	1	3	1
55	醉美.婚宴	1	17	1	null	0	1	1
55	释你独立影像机构	1	80	14	85	15	2	1
55	里奇高级服装定制	1	40	5	62	1	1	1
55	重庆饭店中餐厅·婚宴	1	15	0	null	0	2	1
55	野摄影主题馆	1	10	0	null	0	1	1
55	金一婚纱婚庆	1	38	5	69	12	1	1
55	金一影楼	1	47	1	66	1	2	1
55	金三顺摄影工作室	1	12	0	null	0	0	1
55	金世有约	1	31	119	88	1	4	1
55	金世缘国际婚礼顾问	1	10	1	null	0	0	1
55	金中国	1	11	1	null	0	1	1
55	金会馆·金悦轩·婚宴	1	42	0	null	0	1	1
55	金凤达婚庆	1	10	0	null	0	0	1
55	金台夕照会馆宴会厅	1	43	1	null	0	1	1
55	金台饭店·婚宴	1	33	0	80	1	1	1
55	金夫人婚纱摄影	5	771	92.2	18.2	28.6	28.6	1
55	金子私密定制婚纱摄影	1	11	0	null	0	2	1
55	金尚摄影	1	12	0	null	0	1	1
55	金尚摄影工作室	1	222	67	89	9	11	1
55	金树婚礼艺术工作室	1	10	1	null	0	0	1
55	金橡树婚礼策划	1	23	0	null	0	1	1
55	金殿盛缘婚庆服务中心	1	12	0	null	0	2	1
55	金池蟒山会议中心宴会厅	1	20	0	80	1	3	1
55	金泰绿洲大酒店宴会厅	1	19	3	68	2	0	1
55	金爱玲婚介所	1	12	0	null	0	0	1
55	金玉桐婚礼策划	1	10	0	null	0	0	1
55	金玫瑰婚庆	1	10	0	null	0	0	1
55	金疆西域食府·婚宴	1	87	0	80	1	4	1
55	金百万烤鸭(天通苑店).婚宴	1	10	0	null	0	0	1
55	金百万烤鸭店·婚宴	13	46.31	0.54	11.46	0.23	1.31	1
55	金紫环高级服装定制会所	1	29	13	88	1	1	1
55	金紫银平价海鲜城·婚宴	2	32	0	0	0	1	1
55	金色凉山.婚宴	1	16	0	88	1	0	1
55	金色芭莎摄影名店	1	308	39	88	2	13	1
55	金茂北京威斯汀大饭店·婚宴	1	120	2	null	0	2	1
55	金茂大宴会厅	1	123	35	71	19	9	1
55	金融街丽思卡尔顿大宴会厅	1	395	53	88	8	6	1
55	金融街威斯汀大酒店·婚宴	1	15	0	null	0	0	1
55	金融街洲际酒店宴会厅	1	96	15	81	6	3	1
55	金衣世家私人定制	1	79	20	88	9	1	1
55	金钱豹	2	56	0	0	0	0.5	1
55	金钱豹国际美食宴会厅	2	302.5	58	34.5	57	5	1
55	金钱豹国际美食百汇·婚宴	5	241.8	0.4	43.4	0.8	5.6	1
55	金链花泰国餐厅·婚宴	1	52	0	null	0	1	1
55	金隅喜来登酒店·婚宴	1	12	0	null	0	0	1
55	金隅喜来登酒店宴会厅	1	261	15	80	6	3	1
55	金霖酒店·婚宴	1	493	17	85	3	17	1
55	金鼎轩	3	117.67	2	24.67	1.67	2	1
55	金鼎轩·婚宴	4	135.75	0.75	22	0.25	3	1
55	金鼎轩南北点心店	2	102.5	5	0	2	5	1
55	金龙建国温泉酒店宴会厅	1	12	0	null	0	0	1
55	鑫巴蜀水煮鱼川菜馆·婚宴	3	24.33	0	0	0	0.33	1
55	鑫港芙蓉社区婚庆	1	11	0	null	0	0	1
55	鑫禧鹊婚纱礼服租赁定制	1	32	3	null	0	0	1
55	钟爱一生缘婚纱摄影	1	10	0	null	0	0	1
55	钟爱嘉年华婚礼会馆	1	13	1	null	0	0	1
55	钱柜宴会厅	1	136	3	80	1	2	1
55	钻梦缘钻石	1	30	7	71	1	1	1
55	钻石小鸟北京体验中心	1	2694	330	83	239	36	1
55	钻石糖婚礼派对甜品Diamant Les	1	100	1	null	0	2	1
55	钻石老头	1	41	32	92	28	1	1
55	钻石莲花工作室	1	32	10	83	2	0	1
55	钻赏珠宝	1	49	13	88	1	3	1
55	铁道大厦·婚宴	1	10	0	null	0	1	1
55	铂尔婚礼策划	2	41.5	5	44	1.5	1.5	1
55	铂玛男士礼服	2	49.5	21	66.5	27	3.5	1
55	铂金年华婚庆	2	38.5	54.5	87.5	10.5	4	1
55	铂金百年婚纱摄影	1	10	0	null	0	1	1
55	铃兰馨婚礼宴会高级定制	1	10	2	null	0	1	1
55	铭兰婚纱	2	53	14.5	39.5	5	4	1
55	铭氏定制摄影	1	3928	27	89	6	4	1
55	铭诺婚礼策划	1	18	0	null	0	1	1
55	铭车汇婚车租赁	1	56	2	null	0	0	1
55	铭阳婚纱礼服高级定制	1	14	0	null	0	0	1
55	铭阳婚纱礼服高级订制培训	1	13	0	null	0	0	1
55	锐意玛格视觉摄影工作室	1	16	73	null	47	1	1
55	锐摄影私人定制化摄影工作室	1	10	1	null	0	0	1
55	锡兰之星	1	51	29	82	26	3	1
55	锦尚视觉摄影工作室	1	23	52	64	20	0	1
55	锦府盐帮酒楼·婚宴	2	138.5	1.5	37	1.5	4.5	1
55	锦衣坊服装制作工作室	1	19	1	null	0	0	1
55	锦衣私属定制	1	15	1	null	0	1	1
55	镜界摄影	2	149	30.5	85	8.5	5.5	1
55	长城脚下的公社·婚宴	1	22	0	null	0	0	1
55	长城饭店宴会厅	1	21	1	71	1	2	1
55	长富宫饭店·婚宴	1	10	1	null	0	0	1
55	长富宫饭店宴会厅	1	21	1	null	0	2	1
55	长富宫饭店芙蓉厅	1	188	97	83	37	8	1
55	长峰假日酒店·婚宴	1	25	0	null	0	0	1
55	长峰假日酒店餐厅	1	348	33	77	22	7	1
55	长白山国际大酒店·婚宴	1	19	1	null	0	1	1
55	阁楼摄影工作室	1	75	36	null	0	4	1
55	阁楼风尚婚纱摄影工作室	1	12	10	78	5	1	1
55	阳光梦缘婚庆公司	1	22	0	null	0	1	1
55	阳光海岸自助百汇·婚宴	3	56	0	0	0	2	1
55	阳光雨摄影	1	22	4	88	1	1	1
55	阳阳新娘跟妆、团体妆	1	14	1	null	0	null	1
55	阿凡提	1	68	976	null	657	4	1
55	阿根廷庄园·婚宴	1	68	0	null	0	1	1
55	阿萍丽影	1	16	1	null	0	1	1
55	际华皇家高级服装定制店	1	19	1	null	0	2	1
55	陈博摄影工作室	1	11	0	null	0	1	1
55	陌上花开婚纱摄影工作室	1	18	0	68	2	0	1
55	陌上花开高级定制	1	59	13	88	2	3	1
55	陌尚摄影工作室	1	34	20	83	5	1	1
55	院大宅门	1	13	2	null	0	0	1
55	院落	1	108	2	null	0	2	1
55	陶冶摄影工作室	1	685	61	87	10	8	1
55	陶然大厦宴会厅	1	132	5	79	11	3	1
55	陶然居·婚宴	1	59	1	null	0	0	1
55	隆庆祥	3	30.33	2.33	50.33	4	0.33	1
55	隆庆祥量身定制西服	1	46	0	null	0	2	1
55	隆鹤国际温泉酒店·婚宴	1	24	0	null	0	0	1
55	随心摄影工作室	1	13	4	80	1	0	1
55	雀斑光影社	1	38	76	90	13	1	1
55	雅乐轩酒店宴会厅	1	13	2	null	0	1	1
55	雅佳诺婚纱织造馆	1	17	7	80	9	1	1
55	雅典娜希腊餐厅·婚宴	1	22	0	null	0	0	1
55	雅娜尔	1	13	1	null	0	0	1
55	雅尚摄影	1	29	8	71	2	2	1
55	雅度男士西服礼服定制	1	2168	525	90	11	7	1
55	雅欣婚礼用品	1	51	1	null	0	2	1
55	雅歌婚庆	1	13	0	null	0	0	1
55	雅诗图摄影工作室	1	4121	459	91	91	128	1
55	雅雅玻璃创意店(798艺术区北门)	1	14	2	null	0	1	1
55	雅飞阁影像工作室	1	13	3	null	0	0	1
55	雕刻记忆摄影工作室	1	32	2	88	1	0	1
55	雨花石婚礼策划	1	14	0	null	0	0	1
55	雨蝶摄影工作室	1	24	10	null	3	0	1
55	雪钰轩文化传播	1	10	1	null	0	2	1
55	雯雯和她的朋友们婚礼私人定制	1	10	3	null	0	0	1
55	零八工摄映像馆	1	36	3	67	4	1	1
55	零峰摄影工作室	1	44	44	86	8	2	1
55	零点视觉婚纱微电影摄影工作室	1	62	57	78	15	0	1
55	零距离婚纱摄影	1	43	26	67	3	1	1
55	霏霖婚纱礼服	1	126	49	92	18	6	1
55	青塔情梦缘婚庆	1	11	1	80	1	1	1
55	青年摄摄影机构	1	24	4	88	1	0	1
55	青年餐厅	5	111.8	1.2	14.2	0.4	3.4	1
55	青年餐厅·婚宴	3	105.33	1.67	26.67	0.33	4	1
55	青年餐厅菜市口	1	25	0	null	0	0	1
55	青曼国际礼服	1	32	1	null	0	0	1
55	青橙私人婚礼定制STUDIO	1	108	28	84	3	2	1
55	青竹紫叶商贸中心婚庆部	1	34	4	88	1	3	1
55	靓在璐尚婚礼策划有限公司	1	14	0	80	1	2	1
55	靓点名人彩妆造型	1	10	1	null	0	0	1
55	靖婚纱租赁	1	18	0	null	0	0	1
55	静之湖度假酒店·婚宴	1	18	0	null	0	0	1
55	静像电影主题摄影工作室	1	11	10	null	0	1	1
55	非你莫属婚礼策划	1	55	24	85	5	6	1
55	非凡喜事婚礼策划	2	27	8.5	88	1.5	2	1
55	非同·布蕾丝婚纱礼服馆	1	452	157	93	32	19	1
55	非常时尚	1	133	20	88	2	3	1
55	非常时尚婚纱摄影	1	23	4	null	3	1	1
55	非诚勿扰高端婚纱摄影私人会所	1	39	77	84	6	1	1
55	靡尚VISION	1	223	216	87	13	3	1
55	韩国AM+WONKYU	1	13850	540	94	25	171	1
55	韩国Miss Luna Studio	1	104	4	null	0	6	1
55	韩国RIRA摄影	1	35	4	null	0	1	1
55	韩国Rain韩式婚纱摄影	1	933	12	88	3	12	1
55	韩国TOPZIO西服定制	1	99	0	null	0	0	1
55	韩国伯爵婚纱摄影	1	116	2	null	0	6	1
55	韩国同感 WEDDING STUDIO	1	2904	38	88	7	42	1
55	韩国同感摄影	1	28	0	null	0	3	1
55	韩国大叔婚礼策划	1	20	1	null	0	1	1
55	韩国淡·流年高端西装定制	1	68	1	null	0	3	1
55	韩国精品婚纱	1	30	4	null	0	1	1
55	韩国艺匠ARTIZ STUDIO	1	13155	2536	94	45	313	1
55	韩国首尔SUM STUDIO	1	6250	710	94	46	193	1
55	韩宫婚礼策划馆	1	23	3	82	3	2	1
55	韩诚视觉	1	29	2	null	0	1	1
55	韩都Wedding摄影馆	1	10	0	null	0	1	1
55	顶正全定制	1	19	5	null	0	1	1
55	顺义婚庆久缘一生	2	31.5	4.5	0	0	3	1
55	顺义瑞麟湾温泉度假酒店·婚宴	1	45	1	null	0	0	1
55	顺兴川菜·婚宴	1	37	0	null	0	2	1
55	顺峰	1	32	0	null	0	0	1
55	顺峰·婚宴	6	56.33	0.17	26.67	0.33	1.67	1
55	领地摄影工作室	1	10	2	null	0	0	1
55	领拍婚纱摄影基地	1	38	10	71	1	5	1
55	颐和安缦酒店Aman at Summer Palace·婚宴	1	75	1	null	0	1	1
55	风尚基地新派婚纱摄影工作室	1	1213	199	91	19	34	1
55	风尚巴黎新美学·法式婚纱摄影	1	235	115	88	8	20	1
55	风格汇美婚纱礼服	1	199	24	80	12	8	1
55	风渡嘉荷西餐厅 Windy City·婚宴	1	57	5	null	0	5	1
55	风铃映画摄影工作室	1	20	1	88	1	0	1
55	飞伟洋服	1	28	6	80	1	1	1
55	飞天大厦·婚宴	1	286	1	null	0	8	1
55	飞鱼婚纱摄影	1	2077	359	91	67	63	1
55	飞鸟视觉摄影	1	15	3	null	0	3	1
55	首尔之恋韩式婚纱写真摄影馆	1	12	0	null	0	0	1
55	首尚摄影工作室	1	11	91	null	44	1	1
55	首都大酒店四季厅	1	116	23	81	9	3	1
55	首都大酒店宴会厅	1	57	12	83	5	2	1
55	首都机场希尔顿酒店·婚宴	1	44	2	null	0	3	1
55	香·奈尔国际婚纱摄影机构	1	14	0	null	0	1	1
55	香丰阁·婚宴	1	18	0	null	0	0	1
55	香奈儿婚纱摄影工作室	1	29	1	null	0	0	1
55	香奈儿王府饭店	1	13	0	null	0	0	1
55	香山金源商旅中心酒店·婚宴	1	31	1	88	1	0	1
55	香山颐和宾馆.婚宴	1	10	0	null	0	2	1
55	香格里拉饭店·婚宴	1	15	1	null	0	0	1
55	香格里拉饭店宴会厅	1	198	55	85	31	8	1
55	香榭丽儿私人婚礼定制	1	215	34	90	17	6	1
55	香港LANRY手工婚纱礼服	1	24	3	null	0	4	1
55	香港卡诺斯礼服	1	21	4	80	2	1	1
55	香港郎世佳礼服	1	15	0	88	1	0	1
55	香草影堂	1	5327	1469	91	124	152	1
55	香融府·婚宴	1	25	0	null	0	1	1
55	馨仰婚礼私人订制	1	14	0	null	0	1	1
55	马克西姆·婚宴	2	499	9.5	41.5	2.5	9	1
55	马华食府	1	765	128	85	132	17	1
55	马大姐喜糖店	1	17	1	null	0	1	1
55	马蜂窝婚车婚庆	1	10	1	null	0	1	1
55	高速视觉摄影工作室	1	77	179	84	8	3	1
55	魅力新娘高级定制	1	300	345	82	7	11	1
55	魅力无限婚纱摄影工作室	1	28	3	null	-1	1	1
55	魅力百合婚纱礼服	1	11	0	76	2	0	1
55	魅力视觉写真高端私人馆	1	25	3	null	0	0	1
55	魅影时尚摄影	1	18	13	76	6	1	1
55	魅琪视觉摄影	1	17	8	66	4	0	1
55	魔丁视觉婚纱写真馆	1	23	54	80	7	0	1
55	魔力变幻化妆工作室	3	259.67	261.67	59	8.33	8	1
55	魔玛视觉·新概念婚纱摄影	1	218	423	91	64	15	1
55	鸿云楼饭庄	2	411.5	228	71.5	37.5	20	1
55	鸿摄影工作室	1	20	0	null	0	1	1
55	鹏润国际大酒店·婚宴	1	13	0	null	0	0	1
55	鹏润酒店宴会厅	1	149	3	80	1	1	1
55	鹤望兰婚礼	1	41	0	71	1	2	1
55	鹭鹭酒家·婚宴	1	159	1	88	1	4	1
55	麟锦嫁衣婚纱礼服高级定制	1	23	14	null	0	1	1
55	麦琪烘焙——婚礼蛋糕及定制甜品	1	263	200	83	3	13	1
55	麦瑞米高端婚礼策划	1	44	19	88	3	4	1
55	麦田创意气球	1	66	11	null	0	1	1
55	麦田视觉婚纱摄影	1	112	23	88	1	2	1
55	麦芒尖尖服装租赁	1	75	17	null	0	4	1
55	麻光辣影	1	10	0	null	0	0	1
55	麻辣诱惑·婚宴	3	69.33	0.33	0	0	1	1
55	黄叔叔的婚礼店	1	362	75	87	14	30	1
55	黄金谷	1	18	1	87	5	0	1
55	黑八影像工作室	1	13	4	88	1	0	1
55	黑冰摄影	1	289	77	68	25	13	1
55	黑土印象·婚宴	1	31	0	null	0	1	1
55	黛丝琳婚纱礼服高级定制	1	37	48	89	7	1	1
55	黛美诗婚纱礼服高级定制	1	15	29	null	0	1	1
55	黛雅婚纱礼服工坊	1	37	29	88	4	0	1
55	鼎典婚礼	1	45	3	null	0	2	1
55	鼎峰视觉	1	50	13	71	1	2	1
55	鼎摄影高端婚纱摄影会所	1	1832	20	87	6	86	1
55	鼎极光影魅力摄影会所	1	91	7	null	0	3	1
55	鼎极婚礼策划	1	10	4	null	0	1	1
55	鼎泰Trebonair 男装私人定制	1	92	11	null	0	2	1
55	鼎琦服装定制工作室	1	16	1	null	0	0	1
55	齐摄影私人会馆	1	61	42	89	6	4	1
55	龙凤之约婚礼策划	2	47	4	85.5	1.5	2	1
55	龙凤吉祥婚庆	1	37	1	88	1	3	1
55	龙城丽宫国际酒店·婚宴	1	15	1	null	0	1	1
55	龙摄影	2	23	56	68.5	9	0.5	1
55	龙泉宾馆·婚宴	1	13	0	null	0	0	1
55	龙源柒号书院	1	73	12	83	2	4	1
55	龙熙温泉度假酒店·婚宴	1	32	0	null	0	null	1
55	龙熙温泉度假酒店宴会厅	1	671	11	80	2	16	1
55	龙脉温泉华乐宫	1	29	1	null	0	1	1
55	龙腾凤翔婚庆	1	11	1	null	0	0	1
55	龙辉摄影	1	10	0	null	0	0	1
55	龙达园·婚宴	1	39	0	null	0	3	1