70	1208KIDS儿童摄影	1	748	59	86	16	37	0
70	1208星宝贝儿童摄影馆	1	14	1	null	0	0	0
70	1839儿童摄影	1	50	1	73	1	0	0
70	19八3	5	95.6	2	30.2	2.2	2.8	1
70	2014北京孕婴童文化节	1	27	0	null	0	null	1
70	21克婚礼跟拍	1	18	0	null	0	0	0
70	263医院妇产科微创中心	1	27	2	null	0	0	1
70	33°婴幼儿游泳拓展训练馆	1	16	0	null	0	0	0
70	33度婴幼儿游泳拓展训练馆	2	107	4.5	34.5	0.5	1.5	1
70	349香薰礼品店	1	10	1	null	0	0	0
70	360儿童摄影	1	13	1	null	0	1	0
70	365儿童书馆	1	10	2	null	0	2	0
70	510儿童摄影	1	33	3	null	0	1	0
70	568星球儿童游乐园	1	50	0	71	1	0	0
70	59度FN儿童摄影	1	22	0	null	0	3	0
70	713摄影工作室	1	12	1	null	0	0	0
70	789儿童摄影	1	113	51	80	8	1	0
70	81儿童映像馆	1	52	15	null	0	2	0
70	8千米深海鱼	1	24	2	null	0	0	0
70	8宝母婴婴儿游泳旗舰店	1	10	0	null	0	2	0
70	8宝母婴旗舰店	1	86	2	null	0	1	0
70	ABC童装童鞋旗舰店	1	11	2	null	0	0	0
70	AINY爱你儿童摄影（望京SOHO店）	1	25	2	null	0	0	0
70	Adidas童装	2	16	0.5	70.5	1.5	0	0
70	Amykids儿童摄影	2	41	10.5	38.5	1	2.5	0
70	BABY-SHOW婴秀坊国际影像	1	227	63	84	13	6	0
70	BABYFirst时尚儿童摄影	1	10	1	null	0	0	0
70	BABYSHOW	1	25	2	73	1	0	0
70	BHG儿童世界	1	54	1	null	0	1	0
70	BLOCK ZONE儿童创意互动搭建乐园	1	26	1	null	0	0	0
70	BaByHope柏林时尚摄影馆	1	13	0	null	0	0	0
70	Baby-One儿童商业摄影	1	25	9	71	1	0	0
70	Babyface儿童摄影	9	997.89	131.89	90.56	36.67	45.89	0
70	Babyface儿童摄影(十月外景)	1	186	4	77	2	9	0
70	Babyface儿童摄影（三亚基地北京接待处）	1	165	1	null	1	4	0
70	Babypower早教中心	1	12	53	null	26	0	0
70	Baby体能运动场	1	104	4	71	1	6	0
70	Baby宝婴儿游泳屋	1	38	15	null	0	2	0
70	Baby童趣儿童摄影	2	15	1.5	0	0	0	0
70	Bearcooky专业儿童摄影	1	91	23	83	9	1	0
70	Bettybear儿童摄影	1	15	1	null	0	0	0
70	Bettybear儿童私人影像定制机构	1	648	54	87	32	17	0
70	Bluebaby  蓝娃娃早教	1	32	0	null	0	1	0
70	Bubblegummers童鞋童装	1	12	0	71	1	0	0
70	CallMeKid儿童影像	1	44	3	null	0	2	0
70	Carrera卡雷拉数码路轨赛车	2	48.5	1	75	1.5	1	0
70	Children's Place	1	66	1	69	1	5	0
70	Cici's Love茜熙乐爱精品童装童品	1	13	2	null	0	0	0
70	Cookii国际儿童摄影	1	1119	103	78	9	62	0
70	EE CITY(朝阳大悦城店)	1	47	0	null	0	0	0
70	EF英孚教育青少儿英语	1	10	0	null	0	0	0
70	Eco母婴用皮站	1	12	1	null	0	0	0
70	E•LAND KIDS	1	69	0	78	3	1	0
70	F.O.I BIT’Z	1	61	3	74	3	1	0
70	F2宝贝写真馆	1	29	0	null	0	1	0
70	FACE MEMO德国儿童摄影	4	1688	94.25	66.25	17.5	101.75	0
70	FACE MEMO德国儿童摄影(孕妇会所)	1	256	2	null	0	14	0
70	Fancy&Tony 母婴生活馆—爱亲婴幼儿水育中心	1	19	1	null	3	3	0
70	Fancybaby童装饰品店	1	40	11	78	9	0	0
70	First Leap	1	19	1	null	0	0	0
70	Gery小猪儿童主题乐园	1	25	0	null	0	0	0
70	Gift-tree	1	10	0	null	0	0	0
70	Googo乐园	4	478.75	30.5	37	3.75	17.75	0
70	Hello Kitty童装	1	55	1	71	3	0	0
70	Helloparty儿童生日派对特色店	1	251	47	71	1	7	0
70	House Of Knowledge	1	16	0	null	0	0	0
70	Hubsche	1	14	1	null	1	2	0
70	I PINCO PALLINO国贸店	1	29	4	73	1	1	0
70	I baby国际尖端婴童摄影	1	20	10	null	6	1	0
70	I see灰姑娘国际儿童艺术中心	1	19	0	null	0	0	0
70	I-baby婴儿游泳早教会所	1	26	10	null	1	2	0
70	I-mini高端儿童摄影	1	201	46	77	4	5	0
70	ICOO Vision儿童摄影	1	555	50	80	5	24	0
70	ICOOVision儿童摄影	1	19	0	null	0	4	0
70	IMUMA台湾高端儿童摄影	1	469	13	null	2	29	0
70	IM国际思维少儿英语	1	15	2	71	1	0	0
70	IQUE亲子游戏乐园	1	29	1	71	1	3	0
70	IVBB下一代	1	20	0	null	0	0	0
70	Ibaby	1	20	1	73	1	0	0
70	Ibaby国际尖端儿童摄影	2	1267	47.5	107.5	19	60	0
70	Imemo儿童摄影机构	1	21	1	73	1	1	0
70	Immom时尚孕妇装淘宝店	1	29	1	null	0	2	0
70	Iove Story玩具店	1	32	5	69	1	0	0
70	Isee灰姑娘国际儿童艺术中心	1	61	3	null	0	4	0
70	Itbaby儿童摄影工作室	1	117	20	71	2	6	0
70	JOJO童装	1	14	1	73	1	1	0
70	Jeep童装店	1	10	0	null	0	0	0
70	KIDS DO情智动感体验中心	1	11	0	null	0	0	0
70	KIDS GARDEN	1	165	2	71	1	1	0
70	KIDSHOLIC	1	10	0	71	1	0	0
70	KIDSIDOL摄影工作室	1	782	23	81	7	34	0
70	KK儿童乐园	1	43	1	71	1	1	0
70	Kiddy儿童安全座椅	1	156	25	57	5	8	0
70	Kids	1	14	0	null	0	0	1
70	Kids Land(亦庄华联店)	1	40	1	73	1	2	0
70	KindyROO	1	201	66	83	40	5	0
70	KindyROO早教中心	4	248	33.5	127.5	10.5	7.25	0
70	KindyRoo亲亲袋鼠蓝色港弯中心	1	233	9	73	1	7	0
70	Kiss宝贝精致儿童摄影	1	820	68	88	75	40	0
70	K酷儿童成长天地	1	64	2	71	1	6	0
70	L.E.Y.I.泡泡科学馆	1	217	29	60	4	3	0
70	LEVI’S KIDS(燕莎金街店)	1	38	0	73	1	0	0
70	LUCA PARK 儿童摄影	1	55	20	null	0	2	0
70	Lab3 Junior孕妇儿童订制摄影	1	69	9	null	0	2	0
70	Leaping Tots 乐兜儿童成长中心	1	15	1	null	0	1	0
70	Let'S 亲子影像工作室	1	45	1	null	0	0	0
70	Lily思维英语	6	126	8.17	46.33	1.17	8.17	0
70	Longman Schools戴尔国际少儿英语	5	20.8	2	53.6	1.8	0	0
70	LuckYbaby儿童摄影	1	20	8	69	5	1	0
70	Luckybaby儿童摄影	1	82	13	75	7	6	0
70	Luyao Baby 璐瑶影像摄影工作室	1	11	6	null	0	0	0
70	MAMALOOK-玛玛洛可少儿英语	1	18	0	null	0	2	0
70	MARCO&MARI	1	22	1	71	1	0	0
70	MISHKA大米熊高端家庭摄影	3	138	19	26.67	2	3.67	0
70	MUM工坊精品孕婴店	2	16	1.5	34.5	0.5	0	0
70	Magic Bubble巴宝园	1	135	37	80	8	15	0
70	Magic Marble英文互动馆	1	11	0	null	0	0	0
70	Mamalook玛玛洛可	1	43	3	null	0	1	0
70	Mini car	2	11.5	0.5	69	1	0	0
70	Mio玩具租赁仓	1	41	12	null	0	1	0
70	Montage高端精致儿童摄影	1	29	2	null	0	1	0
70	Myoyo儿童乐园	1	128	16	75	4	5	0
70	NOPA1983创意生活	1	26	22	77	4	1	0
70	New Balance kids	1	20	0	null	0	2	0
70	Nuskin如新日用品专卖店	1	62	2	73	1	4	0
70	OBAIBI	1	19	2	null	0	0	0
70	PLAYPLAY美术启蒙学园	1	18	1	null	0	2	0
70	PP街坊婴儿游泳馆	1	117	0	69	1	1	0
70	PUREhoney儿童摄影	1	101	12	77	2	3	0
70	Petit Avril	1	16	0	71	1	1	0
70	Petit Bateau	1	65	1	null	1	1	0
70	PureLemon儿童摄影	1	38	6	null	0	1	0
70	QQ堂婴幼儿游泳馆	1	22	2	69	1	0	0
70	Qqbaby专业儿童摄影	1	85	0	null	0	3	0
70	SheepEt(世贸天阶)	1	63	0	null	0	0	0
70	Silverlit玩具	2	12.5	0.5	35.5	1	0	0
70	Starfish蓝旗亲子游泳	1	1208	108	85	14	23	0
70	Strawberry Kids 草莓特效儿童摄影	1	44	53	null	8	0	0
70	TINY MOMENTS	1	61	5	null	0	4	0
70	TMEGA国际幼儿学院	1	10	1	null	1	3	0
70	Tanked Racing	1	13	0	69	1	0	0
70	The Bloom花开儿童摄影	1	38	7	77	2	2	0
70	The Fifth Avenue	1	10	2	null	0	1	0
70	The Int’l MontesSori Sch Of Beijing	1	15	0	null	0	0	0
70	TimeBlocks时光积木私家摄影馆	1	45	8	65	2	4	0
70	Toonsland童装	1	15	3	69	1	0	0
70	Tree家庭摄影	1	83	21	null	0	2	0
70	U学小农场儿童快乐力成长中心	1	14	3	null	0	0	0
70	VISIONTOUR 韦图视觉高端家庭纪实影像馆	1	33	1	null	0	0	0
70	VITAKIDS维他儿童摄影	1	28	4	null	0	3	0
70	X-KIDS（爱思童）	1	98	3	73	1	3	0
70	YOYOPark海绵宝宝主题儿童游乐园	1	25	14	null	2	2	0
70	YOYO乐园	1	1045	224	88	35	40	0
70	YOYO儿童创意摄影	1	42	2	73	2	3	0
70	YOYO家室内儿童乐园	1	117	13	null	0	4	0
70	Yuki儿童摄影工作室	2	40.5	9	38.5	1	1	0
70	ZOOMKIDS尊趣专业家庭摄影	1	147	36	78	4	9	0
70	art time艺术时光孕婴童摄影	2	119.5	7	36.5	0.5	4	0
70	babyArt创艺宝贝早教中心	8	106	12.5	69.5	4.63	3.63	0
70	balabala	1	32	0	69	1	1	0
70	bobo儿童摄影	1	13	1	null	0	0	0
70	i-Baby上品折扣店	1	40	2	73	1	1	0
70	i-Baby卓展店	1	75	0	73	1	1	0
70	idea摄影工作室	1	70	1	70	2	5	0
70	imami爱妈咪孕妇装	3	56.67	6.67	69	1.67	0.67	0
70	k2视觉儿童摄影	1	14	0	null	0	0	0
70	kapa儿童摄影	1	29	1	73	1	1	0
70	mamas & papas	1	49	2	null	0	0	0
70	mamas&papas	1	15	3	null	0	1	0
70	mini童装店大悦城佳艺青年汇店	1	11	0	null	0	1	0
70	mlb Kids	1	106	3	null	0	1	0
70	muffy's	1	65	5	69	1	6	0
70	oral浸泡英语	1	16	4	69	1	1	0
70	ppkids	1	87	6	null	1	1	0
70	rookie	1	48	0	73	2	3	0
70	starfish蓝旗亲子游泳（方庄店）	1	871	18	78	4	34	0
70	sunlighter亲子馆	1	14	2	75	2	0	0
70	twinkids	1	25	0	null	0	0	0
70	一二一高端儿童摄影	2	6928	203	44.5	20.5	77	0
70	一八七二功夫会馆	1	17	0	null	0	2	0
70	一品衣童时尚童装	1	10	0	null	1	0	0
70	一派私家摄影馆	1	17	1	null	0	1	0
70	一起玩儿童会馆	1	13	0	null	0	1	0
70	七十二变儿童摄影	4	1300.25	137.25	86.25	28.75	35.75	0
70	七巧板儿童画室	1	16	3	null	0	1	0
70	七彩宝贝儿童摄影	2	40	4.5	38.5	1.5	0.5	0
70	七彩时光儿童乐园	1	93	1	63	1	3	0
70	七彩梦幻岛亲子园	1	11	3	null	0	0	0
70	七彩石摄影坊	1	14	1	null	0	0	0
70	七彩石摄影坊儿童摄影	2	58	12.5	41	5	0.5	0
70	七彩童画少儿美术	1	23	3	null	0	2	0
70	七彩魔方儿童摄影	1	34	1	null	0	1	0
70	七星童年	1	22	1	71	1	1	0
70	七田真国际教育	2	187	17	38.5	2.5	3	0
70	七田阳光全脑教育	1	14	2	null	0	0	0
70	七田阳光全脑教育方庄中心	1	38	1	null	0	0	0
70	七色光华聪明树早教中心	1	15	1	null	0	2	0
70	七色光孕婴用品	1	17	2	70	4	0	0
70	七色光辉潜能开发中心	1	14	3	null	0	2	0
70	七色花婴幼儿游泳抚触会所	1	84	14	73	1	1	0
70	万家无忧月嫂	1	10	0	null	0	0	0
70	万家无忧月嫂公司	1	10	0	null	0	0	0
70	万方亭儿童游乐场	1	19	2	69	1	0	0
70	万达宝贝王	1	360	1	73	3	35	0
70	三只小熊儿童摄影	1	1876	135	83	13	47	0
70	三只小熊摄影	1	5002	733	86	31	218	0
70	三思启智国际幼儿成长中心	1	12	0	null	0	1	0
70	三皮baby摄影工作室	1	14	0	null	0	0	0
70	三皮baby摄影工作室的故事	1	14	4	null	0	0	0
70	三野石摄影机构亲子孕妇社	1	2910	557	91	63	146	0
70	上品折扣网	1	530	10	65	78	25	0
70	不想长大儿童摄影	1	117	12	null	0	5	0
70	不约而同艺术工作室	1	18	2	73	1	0	0
70	丑丑童装	1	10	0	69	1	0	0
70	世杰儿童娱乐城	1	71	6	69	1	1	0
70	世纪宝宝早教中心	1	11	1	null	0	0	0
70	世纪宝宝早教中心旗舰店	1	12	0	null	0	1	0
70	世纪宝贝	2	47.5	2	69.5	1.5	0	0
70	世纪星童教育咨询	1	10	0	null	0	1	0
70	世纪本草暖宫贴	1	15	0	null	0	1	0
70	丛海逸园休闲娱乐园	1	10	8	64	3	0	0
70	东四妇产医院	1	189	15	71	12	9	1
70	东城区少年儿童图书馆	1	19	1	null	1	3	0
70	东斓高端创意儿童摄影	1	358	21	77	2	8	0
70	东方之星思维训练馆	3	37	5	72	2.33	1	0
70	东方慧婴母婴护理中心	1	42	1	null	0	1	0
70	东方智慧树幼小衔接班	1	15	3	null	0	0	0
70	东方母婴用品生活馆	1	29	0	null	0	0	0
70	东方爱婴	9	105.89	11.89	124.56	4.33	5.22	0
70	东方爱婴早教	1	70	7	71	2	5	0
70	东方爱婴早教中心	2	29.5	2	0	0	1.5	0
70	东方爱婴莲花桥早教中心	1	113	7	71	1	1	0
70	东方金子塔儿童潜能培训	3	12	0	0	0	0.33	0
70	东方骑士乐园	1	93	38	73	3	3	0
70	东绿游乐园	1	54	0	73	2	4	0
70	东艺盛少儿围棋	1	12	2	71	1	0	0
70	两个小孩家庭课后托管班(常营)	1	78	1	73	2	1	0
70	两只老虎宝贝儿童摄影	2	56	4	0	0	2.5	0
70	个人儿童摄影师杰子	1	12	1	null	0	null	0
70	中关村国际动漫城	1	77	34	71	4	5	0
70	中加国际儿童艺术中心	1	38	6	null	0	3	0
70	中国少年儿童文化艺术基金会教育中心	1	58	32	null	0	2	0
70	中国少年地子体验基地	1	16	3	null	0	0	0
70	中家纺马连道儿童天地	1	29	5	null	0	1	0
70	中正司法鉴定所	1	21	0	null	0	1	0
70	中演明星儿童摄影	1	18	0	null	0	0	0
70	中科启元.科科虎亲子园	1	20	1	null	0	2	0
70	中科启元儿童发展中心	1	20	3	null	0	4	0
70	中科院·科科虎亲子园	1	15	1	null	0	1	0
70	中科院科科虎亲子园	1	10	0	null	0	0	0
70	中联骑士联盟	1	15	12	null	0	1	0
70	中视大风车儿童会	1	10	2	null	0	1	0
70	中视大风车早教中心（晓月苑店）	1	27	1	73	1	1	0
70	丰台区青少年儿童图书馆	1	117	12	69	1	6	1
70	丰台妇幼保健院‎	1	88	5	73	2	2	1
70	丹尼宝贝(银泰馆)	1	14	1	null	0	1	0
70	丹尼宝贝读乐空间	1	13	4	null	0	0	0
70	丹斯贝贝婴儿游泳会所	1	60	10	73	2	2	0
70	丹朱少儿围棋	1	10	0	null	0	2	0
70	丹朱棋艺	1	16	0	null	0	1	0
70	丹麦WHEAT童装店	1	18	1	null	0	1	0
70	丽佳宝贝	1	32	1	null	0	3	0
70	丽儿孕宝孕妇儿童摄影店	1	101	6	64	4	0	0
70	丽和爱尔枕头店	1	11	0	null	0	1	1
70	丽娟儿童画室	1	22	1	null	0	3	0
70	丽婴房	18	81.94	4.83	141.28	5.56	1.44	0
70	丽家婴儿游泳	7	64.14	4.29	29	0.43	1.57	0
70	丽家宝贝	30	274.53	24.7	123.17	28.67	8	0
70	丽家宝贝(长阳华冠天地)	1	39	0	71	1	1	1
70	丽家宝贝体能运动场	1	40	0	71	2	1	0
70	丽家宝贝婴幼用品	1	19	2	null	0	0	0
70	丽家宝贝总部仓库	1	39	4	73	1	0	1
70	丽家宝贝摄影	3	82	3	48.67	1.33	1.67	1
70	丽家宝贝摄影馆	1	59	1	71	1	1	0
70	丽家宝贝望京六佰本摄影馆	1	67	1	73	1	2	0
70	丽家惠童121亲子早教中心	4	17.5	1.5	35	0.5	0.75	0
70	乌鸦宝贝儿童摄影工作室	1	98	10	74	3	2	0
70	乐乐谷	1	85	7	69	1	3	0
70	乐仕堡	1	23	0	null	0	0	0
70	乐仕堡儿童多元智能拓展中心	15	209.33	20	43.93	2.13	5.33	0
70	乐兜儿童成长中心	7	44.86	2.29	29	0.71	1	0
70	乐创教育	8	55	3.88	36.13	1.25	1.63	0
70	乐博机器人DIY	1	43	1	null	0	0	0
70	乐友	2	114.5	13	41.5	8.5	0	1
70	乐友孕婴童	38	176.87	10.45	119.66	9.68	4.18	0
70	乐可儿童美术馆	1	43	4	null	0	1	0
70	乐可思儿童摄影中心	1	38	0	73	1	3	0
70	乐嘟嘟幼教集团	1	19	0	73	1	1	0
70	乐奇儿儿童乐园	1	122	14	null	0	2	0
70	乐学天天儿童英语书屋	1	11	1	null	0	1	0
70	乐巧巧	1	49	0	69	1	4	0
70	乐思音乐	1	14	0	null	0	4	0
70	乐恩宝玩具	1	11	0	null	0	0	0
70	乐悠悠水育早教中心	1	32	1	null	0	1	0
70	乐悠游婴儿游泳	1	22	3	null	0	0	0
70	乐拍亲子摄影	1	10	0	null	0	0	0
70	乐拍亲子摄影馆	1	260	58	77	10	7	0
70	乐拍宝贝	1	36	3	77	3	0	0
70	乐沙儿童沙雕沙盘	1	16	2	null	0	0	0
70	乐活宝贝亲子中心	1	74	8	73	1	5	0
70	乐淘天地儿童游乐中心	1	54	1	null	0	2	0
70	乐游宝宝亲子游泳	2	600.5	116	116.5	13	23	0
70	乐游游婴儿游泳馆	2	36	2.5	36.5	0.5	2	1
70	乐游游婴幼儿游泳会馆	1	51	4	71	1	0	0
70	乐益达教育	2	12.5	2.5	0	0	1	0
70	乐童万色	1	96	33	null	0	3	0
70	乐翻天	1	43	0	71	1	5	0
70	乐诗童	1	99	2	77	2	2	0
70	乐贝乐趣专业孕妇摄影	1	2848	805	93	53	92	0
70	乐贝园	3	26.67	1	24.33	0.33	0	0
70	乐贝园婴幼儿游泳会馆	1	53	1	76	2	0	0
70	乐贝士婴儿游泳会所	1	62	10	null	1	1	0
70	乐购宝贝	1	10	2	null	0	0	0
70	乐酷儿童乐园	1	53	8	71	1	3	0
70	乐酷梦工场	1	74	14	73	1	0	0
70	乐高	13	91.62	4.23	39.46	2	3	0
70	乐高托管园	1	20	0	null	0	0	0
70	乐高活动中心	14	138.64	16.07	31.64	1.43	7.07	0
70	乐高石景山店	1	56	3	null	0	2	1
70	乔伊贝婴幼儿生活馆	1	30	2	null	0	4	0
70	乖乖兔儿童摄影	1	31	2	null	0	2	0
70	九色鹿母婴用品儿童服装专营	1	15	0	73	1	1	0
70	二七童趣空间	1	190	28	73	1	7	0
70	云端小镇儿童主题乐园	2	67.5	0.5	37.5	1	2	0
70	五五六六儿童乐园	1	38	1	null	0	2	0
70	五彩冰酷运动中心	1	740	159	85	65	63	0
70	亚惠勤泰月嫂母婴护理服务中心	1	14	1	null	0	0	0
70	亚美妇幼医院	1	14	1	null	0	0	1
70	享悦轩月子会所	1	135	14	null	0	10	0
70	享月亲贝月嫂家政服务公司	2	185.5	11.5	72.5	3	8	0
70	京东大峡谷游戏乐园	1	16	0	71	2	2	0
70	京东晓龙康乐园	1	20	0	null	0	0	0
70	京城独一家药妆母婴护理领航者	1	10	0	null	0	0	0
70	京妈圈	1	22	1	null	0	2	1
70	京妮儿童汇	1	64	1	73	1	8	0
70	京润堂胎儿写真	1	65	3	null	0	0	0
70	亮点儿童摄影	1	18	1	null	0	2	0
70	亮眼睛儿童摄影工作室	1	32	2	null	0	2	0
70	亲亲天使婴儿游泳馆	1	18	1	null	0	0	0
70	亲亲宝贝	1	11	4	71	1	0	1
70	亲亲宝贝儿童摄影	1	21	3	null	0	2	0
70	亲亲果儿童摄影	1	77	3	63	2	4	0
70	亲亲袋鼠国际早教中心	2	45.5	1.5	36.5	1	1	0
70	亿婴天使	1	18	2	73	1	1	0
70	亿婴天使早教中心	2	72.5	3	36.5	1	3	0
70	亿婴宝	1	14	0	null	0	2	0
70	亿婴宝月嫂	3	166	11	71	1.33	8.33	1
70	亿婴宝贝	1	30	1	null	0	2	0
70	亿婴宝贝月嫂公司	1	65	2	null	0	2	0
70	今生宝贝孕婴生活馆	1	10	0	null	0	0	0
70	今生视觉新生儿摄影	1	213	15	null	1	4	0
70	仔仔牛国际儿童摄影机构	1	23	3	69	1	0	0
70	伊亲婴童时尚游泳馆	1	31	1	63	1	0	0
70	伊博艺术	1	17	0	null	0	2	0
70	伊妮宝贝儿童摄影	1	75	14	64	3	2	0
70	伊娃少儿英语	1	12	4	null	0	0	0
70	伊娜爱贝Er儿童摄影	1	17	1	null	0	0	0
70	伊娜爱贝儿	1	57	8	null	0	1	0
70	伊维私家儿童摄影	1	13	0	null	0	0	0
70	伊美贝儿童摄影	1	34	11	81	8	0	0
70	伊莱英语	2	35.5	3	0	0	2	0
70	伊顿公学军博早教中心	1	53	3	69	1	0	0
70	众星铭月嫂家政服务中心	1	40	5	69	1	0	0
70	优优宝贝儿童摄影	1	25	2	63	1	0	0
70	优优宝贝精致摄影工作室	1	12	1	null	0	0	0
70	优优母婴护理中心	1	11	1	null	0	0	0
70	优体少儿体能馆	1	10	0	null	0	0	0
70	优佳宝贝反斗乐	1	22	0	null	0	0	0
70	优加防辐射服	2	12.5	1	35.5	0.5	0	0
70	优咪早教亲子园	1	10	0	null	0	1	0
70	优学汇	1	39	0	73	1	0	0
70	优宝月子中心	1	50	5	null	0	2	0
70	优幼佳国际潜能教育机构	1	67	11	72	2	3	0
70	优悠yoyo儿童乐园	1	151	11	null	0	6	0
70	优才教育HelloBaby学前班	1	20	3	null	0	2	0
70	优棉	1	12	0	null	0	0	0
70	优游0-9岁儿童游泳馆	1	84	3	null	0	2	0
70	优瑞儿童成长中心	1	1736	277	85	33	42	0
70	优生美地美国月子会所	1	34	3	null	0	2	0
70	优美婴	1	22	0	71	1	0	0
70	优贝乐儿童成长与发展中心	2	38	6	0	0	3	0
70	优贝乐科学馆旗舰店	1	11	1	null	0	1	0
70	优贝馫绘本馆	1	20	2	null	0	0	0
70	你好宝宝专业儿童摄影	1	18	1	69	1	1	0
70	佳家月子护理中心	1	30	0	null	0	2	0
70	依一精致儿童摄影	1	34	0	null	0	0	0
70	依儿孕妇摄影	1	61	2	69	2	2	0
70	依米印象孕婴摄影	1	666	209	83	16	25	0
70	依米贝尔儿童摄影	1	779	91	81	14	22	0
70	倍优儿童早教	1	24	1	71	1	3	0
70	倍优天地	10	159	19.3	68	4.4	4.5	0
70	倍优天地 母婴服务	1	64	2	66	6	0	0
70	倍优天地婴幼儿水智能拓展中心	1	13	0	null	0	1	0
70	倍优天地早教	1	508	52	80	15	14	0
70	倍优母婴天地	1	10	0	null	0	0	0
70	倍思国际教育	1	12	0	null	0	0	0
70	倍思科趣儿童国际学苑	2	28	1	35.5	0.5	1	0
70	倍恩美儿童摄影有限公司	1	17	0	null	0	0	0
70	倍美家母婴中心	1	24	0	null	0	1	0
70	倾城宝贝儿童摄影	2	1123.5	335	81.5	91.5	47.5	0
70	健康宝贝婴幼儿游泳馆	1	52	2	63	1	0	0
70	偶会玩儿童玩具图书租赁中心店	1	21	3	null	0	1	0
70	像素童画艺术工作室	1	13	1	null	0	4	0
70	儿时蒙太奇摄影工作室	1	407	100	82	7	16	0
70	儿童中心游泳馆	1	33	36	null	5	3	1
70	儿童乐园	5	67	2.8	15.4	0.4	1.2	1
70	儿童乐园天虹商场	1	167	11	71	1	8	1
70	儿童书店	1	14	3	null	1	1	1
70	儿童家具	1	20	0	null	0	0	1
70	儿童成长天地	1	277	32	76	7	10	1
70	儿童摄影	2	17.5	0	0	0	0	1
70	儿童服装服饰	1	10	0	null	0	0	1
70	儿童沙盘游戏室	1	21	3	null	0	3	1
70	儿童用品生活馆	1	10	0	null	0	0	1
70	儿童蹦极	1	174	6	78	4	2	0
70	儿艺艺术体验馆	1	320	134	81	28	16	0
70	光年印象摄影	1	25	3	null	0	1	0
70	光彩明天儿童眼科医院	1	51	5	69	2	2	1
70	光线100视觉摄影	1	58	8	null	0	4	0
70	克莱辛亲子教育模型玩具	1	75	0	null	0	10	0
70	克鲁克玩艺家	1	15	1	71	1	0	0
70	兔兔爱专业儿童摄影工坊	1	21	0	null	0	1	0
70	兜兜玩具屋	2	52.5	3	36.5	0.5	2	0
70	兜哒玩具	1	82	1	71	1	6	0
70	全丫国际儿童摄影连锁机构	2	64	11.5	35.5	1.5	1.5	0
70	八八空间	1	62	3	null	0	7	0
70	八十三国际少儿美术教育机构	1	40	0	73	1	1	0
70	六一幼儿院	1	61	1	71	1	2	1
70	六月儿童摄影	2	18	0.5	0	0	1	0
70	兮辰绘本馆	1	16	1	null	0	0	0
70	军事医学科学院妇科治疗中心	1	61	5	63	1	1	0
70	凝梦阁古装摄影	1	907	374	87	84	19	0
70	凡特贝贝儿童摄影	1	47	1	null	0	2	0
70	凯安悦读	1	32	1	null	0	0	0
70	凯尔宝宝	1	66	2	73	2	9	0
70	凯尔宝宝婴幼园	1	22	1	null	0	3	0
70	凯米宝贝早教中心	2	26.5	2.5	36.5	0.5	2	0
70	凯艺玩具	1	33	1	null	0	2	0
70	凯西蒙迪国际艺术中心	1	29	13	null	0	1	0
70	凯迪双语艺术园	2	22	1	34.5	0.5	5	0
70	凯迪斯儿童乐园	1	34	1	null	0	4	0
70	创意宝贝	3	58.33	3.33	21.33	0.67	2	0
70	创意宝贝绘本涂鸦馆	1	40	5	null	0	0	0
70	创艺宝贝	1	10	0	null	0	0	0
70	初乐元	1	55	3	71	1	2	0
70	初禾儿童教育	1	19	0	null	0	2	0
70	功夫宝贝	4	75.25	7.75	72.25	6	6.25	0
70	功夫小子	1	19	0	73	1	3	0
70	功夫福娃	1	43	3	69	1	1	0
70	加勒比DIY创意手工体验馆	1	33	1	null	0	1	0
70	加勒比儿童城	1	202	8	71	1	14	0
70	加可视觉摄影工作室	1	160	8	null	0	5	0
70	加大正面管教	1	21	2	null	0	2	0
70	加艺儿童艺术教育工作室（太阳宫部）	1	45	1	null	0	3	0
70	加菲猫	4	31.75	1.25	74	2.75	0	0
70	加贝艺术教育	1	15	1	null	0	2	0
70	动力童童儿童游乐中心	1	680	63	78	8	20	0
70	动动鞋子儿童剧团	1	15	2	null	0	0	0
70	动漫巴士	1	18	2	71	1	1	0
70	动漫非主流	1	18	1	71	1	1	0
70	励步国际儿童教育	9	50.89	3.33	38.22	1.11	3.22	0
70	北京七彩馨情儿童摄影	1	37	0	null	0	4	0
70	北京三店建唐儿童安全座椅	1	12	3	69	1	1	0
70	北京东方宝贝母婴护理中心	1	254	4	null	0	8	0
70	北京丽人摄影总店	1	11	0	null	0	null	0
70	北京五洲妇儿医院	1	133	0	null	0	4	1
70	北京佰家安婴儿游泳馆	1	20	4	null	0	0	0
70	北京剧院	1	16	0	null	0	1	1
70	北京名人摄影工作室	1	18	0	null	0	1	0
70	北京大学医院台湾馨蕙馨妇幼中心	1	24	0	null	0	1	1
70	北京大学第一医院妇产儿童医院	1	451	38	81	28	27	1
70	北京大自然国际儿童之家	1	21	0	null	0	1	0
70	北京妇产医院	2	619.5	69.5	76	54.5	20	1
70	北京小时光儿童摄影	1	106	17	75	2	6	0
70	北京小鬼精灵儿童摄影工作室	1	27	6	null	0	4	0
70	北京巴蒂贝比孕童摄影会馆	1	10	2	null	0	1	0
70	北京建唐儿童安全座椅专卖店	1	36	7	null	0	1	0
70	北京早晨全家福摄影会馆	1	1468	290	88	86	70	0
70	北京晨阳儿童摄影（原全丫方庄店）	1	54	2	null	0	5	0
70	北京月亮船专业儿童摄影  	1	89	5	77	2	2	0
70	北京月嫂	1	60	4	71	1	5	1
70	北京柏林时尚摄影有限公司	1	68	1	null	0	2	0
70	北京柠檬儿童影像机构	1	13	2	null	0	0	0
70	北京梦田创意文化传播有限公司	1	15	0	null	0	0	0
70	北京求知若思全外教儿童学园	2	17.5	0.5	0	0	0.5	0
70	北京爱聚力少儿艺能培训中心	1	27	5	73	1	2	0
70	北京玛丽妇婴医院	1	206	65	null	64	15	1
70	北京童色天空儿童摄影	1	188	7	77	3	17	0
70	北京童颜吾记儿童摄影	1	168	3	null	0	9	0
70	北京童颜吾记儿童摄影工作室有限公司	1	63	0	null	0	2	0
70	北京红墙月子会所	1	1085	90	69	7	59	0
70	北京良人儿童摄影	1	10	0	null	0	1	0
70	北京菲婷健康科技有限公司	1	10	0	null	0	null	0
70	北京贝比嘉国际儿童发展中心	1	22	1	null	0	2	0
70	北京金轩母婴护理中心	1	12	0	null	0	0	0
70	北京银和启思教育咨询有限公司	1	19	2	null	0	1	0
70	北京马卡家新锐儿童摄影	1	31	10	73	1	0	0
70	北京鹏欣嘉业文化发展有限责任公司	1	17	0	null	0	0	0
70	北医爱婴母乳喂养指导中心	1	20	0	null	0	1	0
70	北外青少英语	9	105	4.89	50.67	4.33	4.67	1
70	北大儿童摄影	1	49	1	null	0	6	0
70	北斗星美术亚运村总部	1	12	1	null	0	2	0
70	北方之星翠林园	1	20	1	76	2	2	0
70	十二生肖孕期.儿童摄影	1	117	11	73	1	3	0
70	十月专业外景儿童摄影机构	2	29.5	5.5	30.5	2	1.5	0
70	十月外景	2	22.5	1.5	0	0	0	0
70	十月妈咪	6	102.33	4	58.83	2.83	1.67	0
70	十月孕妇摄影工作室	1	1658	164	90	36	47	0
70	十月贝贝时尚儿童摄影	1	649	53	86	15	28	0
70	千嘉宝家政月嫂服务中心	1	24	0	null	0	1	0
70	半岛孕味亲子摄影	1	164	56	73	1	7	0
70	华乐比亲子学堂	1	37	1	null	0	3	0
70	华夏爱婴	3	21.67	1.67	21	0.67	1	0
70	华夏爱婴早教中心望京园	1	58	5	81	9	4	0
70	华夏童年早教中心	1	18	2	69	1	1	0
70	华婴阳光	1	17	0	null	0	1	0
70	华童智慧世界	1	12	1	null	0	3	0
70	华腾儿童城	1	11	0	null	0	0	0
70	卓亚摄影	1	14	3	null	0	1	0
70	卓娅专业儿童摄影	1	16	0	null	0	0	0
70	卓思国际教育	1	41	1	73	1	3	0
70	卓杨博文乐高创意空间	1	10	0	null	0	0	0
70	卓翼族玩具	1	41	0	null	0	1	0
70	博士蛙365	9	23.78	2.67	48.56	3.67	0.67	0
70	博士蛙Babyland	1	190	22	null	4	3	0
70	博文智星国际全脑教育	1	13	1	null	0	1	0
70	博航月嫂家政服务	1	20	0	66	1	1	0
70	卡奇Baby儿童摄影	1	24	1	null	1	1	0
70	卡奇诺	1	41	1	71	1	0	0
70	卡尔•安娜国际儿童会馆	1	41	4	null	0	2	0
70	卡尼儿童摄影	1	26	2	null	0	0	0
70	卡睿威特儿童摄影工作室	1	55	4	72	4	2	0
70	卡睿威特婴儿纪念品	1	25	0	null	0	0	0
70	卡蒂亚儿童摄影	1	27	2	77	2	0	0
70	卡迪少儿美术工作室	1	23	5	null	0	3	0
70	卡迪熊	1	12	1	null	0	0	0
70	卡通森林乐园	1	104	6	71	3	5	0
70	卡通爸爸画室	1	11	3	null	0	0	0
70	卡酷	4	56.25	4.5	54.25	7.5	1.75	0
70	卡酷七色光儿童剧场	1	19	1	null	0	0	0
70	卡酷七色光培训中心	1	65	2	null	0	8	0
70	卡酷奇乐园	1	308	28	75	2	12	0
70	卡酷旗舰店	1	19	0	null	0	0	0
70	卡里咔嚓儿童摄影	1	34	2	73	1	0	0
70	卡雷拉数码路轨赛车	17	31.94	1	42.65	1.06	0.71	0
70	卡雷拉赛车路轨赛车	1	20	4	null	0	2	0
70	卢卡斯国际少儿教育	1	19	4	null	0	0	0
70	卢瓦兹儿童派对	2	39.5	2	0	0	0	0
70	卯家儿童摄影	1	602	55	81	6	32	0
70	印象十月专业孕期摄影	1	83	19	null	0	5	0
70	印象童年国际时尚儿童摄影	3	489.67	42.33	131	12.33	25.33	0
70	印象视觉儿童摄影	2	39	0	0	0	3	0
70	历险恐龙岛嘉年华	1	114	2	71	1	1	0
70	双井艺乐富通UKULELE吉他店	1	31	1	null	0	1	0
70	古装苑	2	213	73.5	40.5	13	2.5	0
70	只有爱儿童创意摄影机构	1	12	3	null	0	1	0
70	可心宝贝儿童摄影	1	14	1	null	0	0	0
70	可爱可亲母婴用品生活馆	3	17.67	2	0	0	1.33	0
70	可爱可亲母婴用品馆	1	41	0	73	1	1	0
70	可爱吧专业儿童摄影机构	1	38	1	63	1	0	0
70	可爱吧儿童摄影	1	18	0	null	0	1	0
70	可爱多儿童	1	37	1	null	0	4	1
70	可爱多儿童摄影	1	101	3	71	1	3	0
70	可爱天使专业儿童摄影	1	49	4	null	0	1	0
70	台湾Otto2艺术美学会馆	1	40	6	63	1	2	0
70	史努比	2	16.5	0.5	34.5	1	0.5	0
70	史努比乐园	1	21	0	null	0	0	0
70	司马航模	1	14	0	null	0	0	0
70	合拍SELFIE自拍照相馆	1	133	3	73	1	1	0
70	吉姆叔叔儿童摄影	1	378	60	83	19	13	0
70	吉祥印儿童摄影	1	19	0	null	0	2	0
70	吉祥贝贝儿童摄影中心	1	56	37	79	4	1	0
70	同一起跑线学前班	1	137	3	null	2	6	0
70	同喜8儿童摄影	1	21	3	null	0	0	0
70	名宝儿童摄影	2	50.5	9.5	31.5	0.5	2	0
70	君之友儿童摄影	1	363	7	73	1	11	0
70	君斓小勺子儿童青少年厨艺工坊	1	100	25	81	7	2	0
70	启•画社	1	10	8	null	0	2	0
70	启元童画	1	10	0	null	0	2	0
70	启想儿童艺术中心	2	44	8.5	37.5	1.5	3.5	0
70	启画少儿美术	1	35	15	71	1	2	0
70	吴叔叔儿童摄影	1	517	20	87	23	17	0
70	和睦家母婴护理服务中心	1	330	7	69	1	7	0
70	和美妇儿医院	1	947	185	83	26	31	0
70	和雅堂·家母婴健康会馆	1	24	0	null	0	2	0
70	和韵汉服文化坊	1	15	1	null	0	2	0
70	咔奇贝比儿童摄影	1	12	1	null	0	0	0
70	咔奇贝芘儿童摄影	1	13	0	null	0	0	1
70	咔影影像	1	24	0	71	2	3	0
70	咿呀舞蹈	3	33.33	7	48.67	0.67	1.67	0
70	哆哆宝贝儿童摄影	1	13	2	null	0	1	0
70	哆啦A梦主题专卖店	1	88	9	73	1	3	0
70	哆啦A梦梦幻天地	1	14	1	null	0	0	0
70	哆啦乐淘玩具店（康营店）	1	11	0	null	0	1	0
70	哆来咪儿童摄影	1	213	10	78	12	3	0
70	哈佛宝贝国际专业早教机构	1	81	8	69	1	4	0
70	哈佛摇篮幼教	1	19	1	71	1	1	0
70	哈你小孩运动乐园	8	208.5	15.13	63.25	5	7	0
70	哈利波特	1	49	0	null	0	1	0
70	哈利贝贝儿童摄影	1	33	3	69	1	2	0
70	哈哈乐园	1	79	3	null	0	2	0
70	哈哈岛儿童乐园	1	20	0	null	0	0	0
70	哈喽贝比	4	36.5	4.75	17.25	0.25	2.25	0
70	哈喽贝比旗舰店	1	26	3	null	0	0	1
70	哈妮国际儿童摄影	1	60	3	null	0	5	0
70	哈妮宝贝孕妇儿童摄影	1	210	19	78	3	4	0
70	哈妮贝贝儿童摄影	2	13	0	0	0	0	0
70	哈尼堡儿童乐园	1	354	25	75	2	9	0
70	哈尼堡儿童会馆	1	1001	22	73	7	60	0
70	哈尼贝贝儿童摄影	2	33.5	1	40	4	1.5	0
70	哈尼贝贝儿童摄影连锁机构	3	90	5.67	23.67	0.33	4.33	0
70	哈林秀王英语篮球训练营	4	12.75	2	0	0	0.5	0
70	哈比豆儿童城	4	198.25	17.5	72.75	8.5	9.5	0
70	哈皮天地	1	72	16	75	8	3	0
70	哈皮小孩	4	105.25	8.75	19.75	4	4	0
70	哈皮小孩探索运动乐园	1	73	20	71	1	2	0
70	唐人街儿童城	1	159	32	73	6	4	0
70	唯依儿童摄影	1	276	88	86	32	2	0
70	唯开英语	1	23	1	69	2	2	0
70	啦啦虎童话绘本馆	1	15	2	null	0	0	0
70	喜利映画家庭影像馆	1	97	3	69	1	2	0
70	喜喜月子中心	1	718	42	87	15	22	0
70	喜婴宝孕婴童用品大卖场	1	37	3	71	1	2	0
70	喜德家	2	21.5	1.5	0	0	1	0
70	喜来盈月嫂	1	25	5	null	0	0	0
70	喜来盈母婴护理	1	30	2	66	1	0	0
70	喜福芸国际专业月子会所	1	13	2	null	0	2	0
70	喜福芸国际月子会所	1	16	2	null	0	1	0
70	喜都儿童摄影	1	15	0	null	0	0	0
70	喜鹊儿picapica高端创意儿童摄影	1	4527	224	81	6	32	0
70	嘉华乐园	1	49	2	75	6	0	0
70	嘉悦芭蕾	1	78	13	71	1	10	0
70	嘉文乐园	1	175	21	80	11	8	0
70	嘉文乐园儿童成长天地	1	11	1	null	0	1	0
70	嘉文梦幻王国儿童主题乐园	3	381.33	34.33	51.33	4.67	13.33	0
70	嘉文梦幻王国儿童主题乐园（北京望京旺角店	1	63	2	null	0	2	0
70	嘉旭邦母婴家庭护理服务	1	10	3	null	0	0	0
70	嘉映像儿童摄影	1	14	6	null	0	0	0
70	嘉艺幼稚园	1	12	0	null	0	1	0
70	嘉里中心儿童探险乐园	1	40	0	73	1	4	0
70	嘟嘟嘴儿专业儿童摄影	1	10	0	null	0	1	0
70	嘟嘟鱼儿童摄影	1	173	17	null	0	4	0
70	嘟噜岛	1	143	8	null	3	0	0
70	嘟逗儿童创意工作室	1	21	12	null	0	1	0
70	嘻哈儿童摄影	1	41	0	63	1	1	0
70	嘻哈宝贝计划儿童摄影工作室	1	10	0	null	0	1	0
70	嘻嗳哆儿童主题游乐园	1	464	12	79	5	10	0
70	噢酷儿童成长乐园	1	35	2	null	0	1	0
70	四只小熊时尚儿童摄影机构	1	48	0	null	0	2	0
70	回龙观乐高活动中心	1	21	0	null	0	0	0
70	回龙观彩虹世界儿童摄影	1	27	3	null	0	3	0
70	国王新衣高端创意儿童摄影	1	1543	296	85	21	71	0
70	国翰教育	1	32	3	73	1	2	0
70	国象常青藤-棋馆	1	24	0	null	0	1	0
70	国象常青藤北京棋馆	1	28	1	73	1	2	0
70	国象常青藤国际象棋棋馆	1	51	7	73	1	5	0
70	国贸旮旯玩具店	1	27	2	73	1	0	0
70	国际宝贝	1	15	21	null	4	2	0
70	国际玩具城	1	126	50	79	52	6	0
70	国际蓝孩(国际宝贝)	1	211	37	null	0	10	0
70	圣地儿童医院	1	184	3	76	10	12	1
70	圣宝度伦	4	15.5	1.25	37.25	1.25	0.25	0
70	圣母产后休养中心月子中心	1	25	1	null	0	2	0
70	圣牧有机奶	1	10	0	71	1	0	0
70	地坛游乐园	1	206	6	72	6	8	0
70	坚果和巧克力儿童摄影	1	148	30	73	1	8	0
70	埃米尔儿童摄影	1	60	7	73	2	1	0
70	埃米工厂店	1	14	0	71	1	0	0
70	培德书院·工坊	1	27	1	null	0	1	0
70	塑唐玩具收藏	3	41	6	71.33	2.33	0.33	0
70	塞拉维人体摄影沙龙	1	14	1	null	0	0	0
70	墨哈斯艺术创意坊	1	18	3	73	1	0	0
70	壮娃娃健康学堂	1	12	3	null	0	0	0
70	壮宝贝儿童乐园	1	116	2	71	1	3	0
70	夏日暖阳儿童摄影	1	10	0	null	0	0	0
70	外贸童装	1	14	2	null	0	0	0
70	多啦A梦主题专卖店	1	34	5	69	1	1	0
70	多啦宝贝儿童摄影	3	61	13.67	49.67	5.33	2	0
70	多彩童年儿童摄影	1	24	2	71	1	0	0
70	多曼早教私塾	1	14	8	null	0	2	0
70	多米小镇	1	241	15	null	0	5	0
70	多贝迪幼稚园	1	19	1	null	0	3	0
70	夜夜情充气娃娃	1	29	0	null	0	null	0
70	大人の玩具	1	31	0	null	0	0	0
70	大兴古装苑	1	31	1	null	0	0	0
70	大兴妇幼保健站	2	53.5	2.5	73.5	5	1.5	1
70	大兴能动英语屋	1	10	0	null	0	2	0
70	大山国际儿童摄影	1	106	51	84	18	3	0
70	大悦童	1	196	6	69	2	5	0
70	大悦童儿童体验	1	76	3	null	0	0	0
70	大悦童（朝阳大悦城店）	1	137	0	null	0	2	0
70	大手拉小手儿童游乐园	1	23	0	null	0	1	0
70	大智私家儿童摄影会馆	1	922	98	87	17	29	0
70	大林美育	1	26	1	null	0	2	0
70	大树优教	1	13	0	null	0	0	0
70	大熊影像	3	1662	254.33	84.33	28	57.67	0
70	大犁屋子儿童活动中心	1	19	0	null	0	0	0
70	大班家政服务	1	17	3	null	0	0	0
70	大米熊儿童摄影	1	34	0	null	0	1	0
70	大美儿童世界	3	28.67	0.67	70.67	2	1.33	0
70	大美儿童世界妙趣唐国际早教中心	1	12	0	null	0	null	0
70	大肚蝈蝈孕妇摄影	1	37	0	null	0	0	0
70	大脑地图	1	43	2	69	1	3	0
70	大西洋淘气城	1	207	34	68	13	11	0
70	大观园儿童剧	1	12	0	null	0	0	0
70	大象儿童摄影	1	219	168	80	6	7	0
70	大超摄影	1	14	1	null	0	0	0
70	大都游乐园	1	18	3	null	0	1	0
70	大风车儿童摄影	2	1476.5	156	86.5	30.5	62	0
70	天一国际教育	1	20	0	71	1	1	0
70	天伯伦童装	1	11	1	null	0	1	0
70	天使七色光	1	27	0	69	1	2	0
70	天使专业母婴护理专家	1	21	0	null	0	0	0
70	天使乐园	1	20	1	71	1	1	0
70	天使乐园儿童摄影	1	35	0	69	1	0	0
70	天使乐园国际儿童摄影	1	15	1	null	0	0	0
70	天使妇儿医院	3	204.33	45.33	71.67	4.67	12.67	1
70	天使妇科连锁	1	33	1	null	0	0	1
70	天使宝宝幼儿托管园	1	19	1	null	0	3	0
70	天使宝贝摄影工作室	1	91	5	80	6	3	0
70	天使漂亮宝贝专业儿童摄影	1	32	0	69	1	2	0
70	天使鱼儿童摄影工作室	3	291.33	57	78.67	14	12.67	0
70	天天向上精致儿童摄影机构	1	118	9	71	1	1	0
70	天恩儿童乐园	1	15	0	null	0	2	0
70	天才宝贝	5	41.2	3.8	42.6	0.6	1.4	0
70	天桥模型	1	37	8	69	1	0	0
70	天添宝贝儿童摄影	3	18	0	23.67	0.33	0	0
70	天空玩具	1	17	4	null	0	1	0
70	天精地华宠乐园	1	1189	143	79	11	33	0
70	天羽同画少儿艺术中心	1	12	4	null	0	2	0
70	天通苑月嫂育儿嫂	2	22	0	0	0	0.5	0
70	太平洋海底世界玩具区	1	86	4	60	8	1	0
70	太阳宫卡酷科技水乐园	1	36	10	60	5	0	0
70	太阳骨朵玩具租售	1	13	6	75	2	1	0
70	央伦艺术中心	1	12	1	null	0	0	0
70	奇乐儿儿童主题乐园	1	28	1	null	0	1	0
70	奇乐睿幼儿教育中心	1	10	1	null	0	1	0
70	奇妮孕妇装	7	38.43	5.29	21.43	3.86	1.43	0
70	奇幻泡泡乐园	1	146	20	76	4	10	0
70	奇幻泡泡体验馆	1	319	28	74	9	2	0
70	奇智堡	1	18	0	null	0	0	0
70	奇益童乐园	1	59	3	69	2	1	0
70	奇趣童年运动馆	1	109	4	null	0	10	0
70	奇遇记儿童摄影	1	29	2	79	4	1	0
70	奕彩乐园	1	289	0	62	3	15	0
70	奥乐奥儿童乐园	1	16	2	null	0	0	0
70	奥乐客	1	13	1	73	2	0	0
70	奥克视觉摄影工作室	1	647	59	80	12	20	0
70	奥尔夫音乐舞蹈亲子班	1	11	2	null	0	0	0
70	她他果儿高端家庭摄影馆	1	464	8	null	0	21	0
70	好太太亲子中心	1	10	0	null	0	0	0
70	好好宝贝	2	44	6	0	0	0	0
70	好好画画少儿美术工作室	1	29	0	null	0	2	0
70	好孕妈妈母婴健康服务中心	1	55	1	73	1	1	0
70	好孩子	15	37.07	0.8	33.33	0.6	1	0
70	好孩子星站（kids station）	1	30	0	null	0	0	0
70	好宝宝婴儿游泳专业抚触会所	1	35	11	null	0	0	0
70	好宝贝婴儿游泳馆	1	32	6	null	0	0	0
70	好玩玩具店	1	222	23	71	1	5	0
70	妈咪KISS宝宝游泳会馆	1	26	0	71	1	0	0
70	妈咪爱Babyshower	1	12	0	null	0	0	0
70	妈咪的宝宝亲子摄影店	1	33	0	69	1	0	0
70	妈咪驾到孕妇摄影	1	859	184	84	13	36	0
70	妈妈好孩子	2	81	9	76.5	10.5	3	0
70	妈妈宝宝专业儿童摄影	1	1477	33	81	8	29	0
70	妈妈宝贝儿童摄影	1	20	0	null	0	0	0
70	妙乐游婴童游泳体验中心	1	45	3	63	1	1	0
70	妙妙天才亲子游泳会所	1	42	1	null	0	0	0
70	妙妙屋儿童摄影会馆	1	79	5	null	0	2	0
70	姜小V私密养护中心	1	22	3	null	0	0	0
70	威尔世界亲子游泳	1	897	193	84	29	17	0
70	娃娃儿童摄影	1	18	2	69	1	0	0
70	娃娃谷母婴生活馆	1	11	0	null	0	2	0
70	娃娃部落	1	13	0	null	0	1	0
70	娃娃馆	1	26	1	69	1	3	0
70	婚纱儿童艺术	1	11	0	null	0	0	0
70	婴之宝	1	39	4	null	0	0	0
70	婴之海 儿童游泳会所	1	15	0	null	0	0	0
70	婴乐士婴儿游泳馆	3	85.33	7	69	1	3.67	0
70	婴乐士婴幼儿游泳会所	1	100	5	66	1	3	0
70	婴乐美时尚孕妇生活馆	1	12	0	null	0	0	0
70	婴儿游泳馆	2	33.5	2	0	0	0.5	0
70	婴儿理发店	1	29	0	null	0	0	0
70	婴儿车专卖	1	13	0	null	0	0	0
70	婴幼儿欢乐魔方	1	73	11	71	1	2	0
70	婴幼儿游泳中心	1	70	5	69	1	4	0
70	婴方喜妇婴用品	1	10	0	null	0	0	0
70	婴童游泳	1	16	3	null	0	0	0
70	婴童游泳馆	1	31	5	null	0	2	0
70	婴维嘉月嫂	1	10	1	null	0	0	0
70	婴贝世家	1	15	1	null	0	0	0
70	婴赞美家政服务	1	11	1	63	1	0	0
70	嫣然孕妇摄影	1	245	10	null	0	5	0
70	嫣然高端孕妇摄影工作室	1	19	0	null	0	0	0
70	嬷嬷蜜亲子乐园	2	43	5.5	71	2	1	0
70	嬷嬷蜜儿童乐园	1	31	3	75	2	2	0
70	孕之彩	2	41.5	0.5	71	1	0.5	0
70	孕之韵专业孕妇摄影工作室	1	2281	221	95	57	68	0
70	孕优贝摄影工作室	1	142	1	null	0	1	0
70	孕味佳人专业孕妇摄影	1	185	5	null	0	1	0
70	孕味爱摄影	1	32	4	69	1	1	0
70	孕妇摄影	1	56	8	null	0	4	0
70	孕婴乐孕妇装	6	19.67	5.17	35.17	1.33	0.33	0
70	孕婴童品牌折扣连锁店	1	10	0	null	0	0	0
70	孕宝贝四维彩超工作室	1	116	15	null	0	2	0
70	孕而美孕婴摄影	1	1221	90	85	17	42	0
70	孕而美摄影	1	18	1	null	0	1	0
70	孕自美摄影馆	2	436	59.5	73.5	3	12	0
70	孕视觉	1	579	105	81	6	17	0
70	孕视觉专业孕妇摄影	1	307	28	73	2	6	0
70	孕视觉摄影	1	721	96	85	14	24	0
70	孕语专业孕妇摄影工作室	1	61	5	null	0	0	0
70	孕道摄影	1	366	29	82	12	3	0
70	孕飞扬摄影工作室	1	796	97	80	13	23	0
70	学前学后教育	1	19	0	null	0	0	0
70	学趣国际英语	2	12.5	1	0	0	0.5	0
70	学趣英语	1	10	0	null	0	1	0
70	孩子.艺术儿童美育工作室	1	37	2	71	1	2	0
70	孩德宝儿童乐园	1	21	1	null	0	0	0
70	守望童年儿童摄影	2	331.5	67	41	9	14.5	0
70	安奈儿	2	24	0	34.5	0.5	0.5	0
70	安妮菲尔专业儿童摄影	2	30	3	0	0	2.5	0
70	安娜宝贝儿童摄影	1	31	2	null	0	1	0
70	安安宝贝孕婴童用品	1	21	1	73	1	2	0
70	安恩贝月嫂公司	1	16	2	null	0	0	0
70	安摄影儿童写真	1	12	1	null	0	0	0
70	安琪儿乐园	1	45	8	69	4	1	0
70	安琪儿儿童乐园	1	71	18	73	1	3	0
70	安琪儿梦幻儿童乐园	1	12	1	null	0	0	0
70	安琪儿酷星云儿童乐园	1	80	6	71	1	3	0
70	安琪尔儿童摄影连锁机构	1	99	8	71	1	1	0
70	安茁母婴国际婴幼儿游泳	2	24	3	0	0	1	0
70	安迪宝贝	1	10	1	71	1	0	0
70	安馨妈咪母婴中心	1	44	0	71	2	1	0
70	完美女人精致婚纱写真馆	1	125	4	73	1	2	0
70	完美童话儿童摄影	1	36	2	null	0	1	0
70	定格童年摄影	1	57	4	73	1	1	0
70	宜乐童趣玩具超市	1	36	5	73	1	0	0
70	宜母润童孕婴童生活馆	1	22	0	69	1	0	0
70	宝乐园月嫂服务中心	1	31	1	69	1	0	0
70	宝利爱心	1	12	1	null	0	1	0
70	宝宝当佳寓教于乐成长中心	1	520	111	81	93	23	0
70	宝宝星婴儿游泳馆	1	35	1	null	0	1	0
70	宝宝星婴童健康拓展乐园	6	99	16.5	46.83	1	1.83	0
70	宝宝星婴童戏水乐园	1	85	4	null	0	1	0
70	宝宝星婴童水智能拓展中心	1	266	5	null	0	3	0
70	宝宝星婴童游泳馆	3	53.67	7	47.33	0.67	0.33	0
70	宝岛妇产医院	1	2087	92	82	15	80	1
70	宝岛月子会所	1	164	2	71	1	5	0
70	宝悦国际月嫂中心	2	14.5	3.5	0	0	0	0
70	宝爱幼儿托管中心	1	41	2	null	0	7	0
70	宝爱贝乐童颜高端摄影馆	1	27	7	null	0	0	0
70	宝贝1+1儿童摄影	3	78	24.33	51	6	2.67	0
70	宝贝不哭	1	35	0	73	2	0	0
70	宝贝丽影儿童摄影	1	14	2	null	0	0	0
70	宝贝乐婴儿游泳	1	41	0	null	0	0	0
70	宝贝乖乖儿童摄影	1	13	0	null	0	0	0
70	宝贝优儿童摄影	1	38	4	71	1	2	0
70	宝贝优国际摄影	3	223.33	33.33	79.67	12	11.33	0
70	宝贝佳	1	21	1	74	4	1	0
70	宝贝佳国际月子会所	1	108	5	73	1	6	0
70	宝贝元素儿童摄影	1	16	0	null	0	2	0
70	宝贝印象儿童摄影	2	22	1.5	0	0	0.5	0
70	宝贝壹佰儿童摄影	1	81	3	73	1	6	0
70	宝贝家儿童乐园	2	66.5	8.5	0	0	3	0
70	宝贝屋	1	11	0	null	0	0	0
70	宝贝屋星期六婴儿游泳馆	1	15	1	null	0	0	0
70	宝贝巧克力韩国儿童摄影	1	22	27	null	5	3	0
70	宝贝当家	1	64	132	null	29	3	0
70	宝贝星儿童摄影	1	49	1	71	1	4	0
70	宝贝映像儿童摄影	1	11	1	null	0	1	0
70	宝贝映象专业儿童摄影中心	1	21	0	null	0	1	0
70	宝贝熊儿童摄影	1	33	0	null	0	0	0
70	宝贝物语专业儿童摄影工作室	1	107	46	81	7	6	0
70	宝贝童画儿童摄影	2	50	2.5	0	0.5	3	0
70	宝贝美术体验馆	1	30	4	71	1	1	0
70	宝贝视界儿童摄影	1	14	0	null	0	0	0
70	宝贝计划	1	20	1	66	1	1	0
70	宝贝计画	3	19.33	0.33	0	0	1.33	0
70	宝贝计画望京馆	1	11	3	null	0	1	0
70	宝贝计画绘本儿童美术	1	51	8	null	0	3	0
70	宝贝计画绘本美术	1	46	13	null	0	5	0
70	宝贝计画绘本馆	3	74	8.67	23.67	0.33	3.67	0
70	宝跃堂	1	57	2	73	2	1	0
70	宝露露婴幼儿游泳馆	1	201	21	76	5	3	0
70	宣武区妇幼保健院	1	171	25	69	14	9	1
70	家·童年儿童摄影	1	25	5	null	0	5	0
70	家之宝一站式家庭服务机构	1	10	2	null	0	0	0
70	家圆医院	1	12	10	null	3	0	1
70	家宝贝儿童乐园古城店	1	26	0	null	0	0	0
70	家宝贝儿童欢乐谷	3	32	0.67	0	0	0.33	0
70	家宝贝儿童玩乐天地	1	122	2	null	0	0	0
70	家有儿女早教中心	2	67	9.5	39.5	4	3	0
70	家有宝贝专业儿童摄影	1	43	3	74	3	2	0
70	家盒子	3	2973.67	228.33	82	30	111.33	0
70	家福安母婴护理中心	1	25	1	null	0	0	0
70	家禾睦亲子乐园	1	279	83	76	13	12	0
70	家育苑幼托中心	1	48	3	null	0	3	0
70	家﹒童年专业儿童摄影中心	1	12	0	null	0	2	0
70	富乐利欣英语培训	1	10	1	69	1	0	0
70	寰亚未来少儿艺术培训	2	16	0.5	0	0	2	0
70	小京人	1	26	0	null	0	0	0
70	小京人儿童百老汇剧场	1	36	0	null	0	1	0
70	小人国	1	10	2	null	0	1	0
70	小人国少年儿童职业生活体验城	1	66	14	null	1	0	0
70	小伍外贸童装批发	1	45	2	null	0	0	0
70	小伙伴david儿童摄影	1	106	14	59	2	2	0
70	小儿推拿网小儿推拿网络课堂	1	19	4	null	0	0	0
70	小儿郎一对一家庭早教	1	32	0	null	0	2	0
70	小动物和我儿童成长乐园	1	53	4	null	0	0	0
70	小勇士儿童拓展中心	1	25	0	null	0	1	0
70	小博士婴儿游泳馆	1	42	8	null	0	1	0
70	小友记儿童摄影	1	162	44	78	3	7	0
70	小叮当儿童摄影	1	43	3	66	1	2	0
70	小喜帅婴幼童成长发展中心	1	643	5	null	0	12	0
70	小大人儿童乐园	2	87.5	7.5	73.5	4.5	5.5	0
70	小大人益智屋	1	12	1	null	0	1	0
70	小天使儿童摄影	1	47	2	73	1	1	0
70	小天才	1	54	0	76	2	0	0
70	小央美儿童美术	1	20	6	null	0	0	0
70	小央美艺术教育机构	1	65	11	71	1	0	0
70	小小世界	1	14	1	71	1	1	0
70	小小世界公民英语	1	12	1	null	0	1	0
70	小小碧海滩	1	11	0	null	0	2	0
70	小小紫房子儿童摄影	1	66	1	71	1	1	0
70	小小豆摄影工作室	1	35	13	null	0	1	0
70	小小运动馆	6	151.5	13.83	48.33	1.67	7	0
70	小小逗叮摄影	1	46	2	73	1	2	0
70	小岳飞儿童感统训练馆	5	54.6	7.2	58.4	1.8	4	0
70	小岳飞感统训练馆	1	63	2	71	1	1	0
70	小当家精致儿童摄影	1	38	1	null	0	1	0
70	小彩虹婴儿游泳馆	1	39	7	null	0	0	0
70	小掌柜宝宝儿童摄影	1	11	0	null	0	1	0
70	小斑马儿童创意摄影工作室	1	20	3	null	0	0	0
70	小时候儿童摄影	1	162	5	71	1	8	0
70	小星DIY手工坊	1	62	1	null	0	1	0
70	小木棉DIY创意工作室	1	413	31	73	6	8	0
70	小树苗专业儿童摄影	1	10	1	null	0	2	0
70	小汽车	1	14	0	71	1	1	0
70	小泥人陶艺吧	1	21	1	null	0	0	0
70	小泰克专卖	1	14	0	null	0	0	0
70	小海豚婴儿健身坊	1	185	16	74	3	3	0
70	小海马婴幼儿游泳	1	44	1	null	0	2	0
70	小海龟婴儿游泳	1	29	5	null	0	1	0
70	小淑女与约翰	1	12	1	null	0	0	0
70	小火车儿童摄影	1	240	18	75	6	12	0
70	小熊之家	1	114	7	71	1	1	0
70	小熊之家婴儿游泳馆	1	146	35	79	7	1	0
70	小熊维尼	2	31.5	0.5	71	1	1	0
70	小牛顿思维馆	1	97	6	69	1	4	0
70	小猪班纳	4	25	0.25	38.75	1.5	0.75	0
70	小瓢虫精致儿童摄影	1	16	1	null	0	1	0
70	小笑牛	1	63	1	71	1	0	0
70	小笑牛童装	1	32	0	71	1	1	0
70	小精灵儿童拓展天地	1	251	212	84	20	5	0
70	小精灵儿童摄影	1	71	4	78	3	1	0
70	小维尼亲子早教	1	12	1	null	0	0	0
70	小脚丫儿童摄影工作室	1	16	1	null	0	0	0
70	小船长婴儿游泳	1	13	0	null	0	0	0
70	小船长婴幼儿游泳会所	2	70.5	9	67.5	2.5	3	0
70	小蚂蚁儿童农庄	1	657	322	80	16	26	0
70	小蝌蚪艺术早教工作室	1	11	3	null	0	0	0
70	小豆豆艺术馆	1	28	2	null	0	2	0
70	小赖皮专业儿童摄影	1	125	7	null	0	0	0
70	小镇印象儿童摄影	1	193	11	74	2	4	0
70	小雨点儿童摄影	1	43	5	null	0	0	0
70	小鬼当佳	13	626.15	46.31	82	15.46	23.85	0
70	小鬼当家	1	127	1	null	0	4	0
70	小鬼当家学前班	2	128	7	0	0	3	0
70	小鱼悠游婴儿游泳馆	1	23	1	null	0	0	0
70	小鲸鱼婴幼儿游泳馆	1	90	6	66	1	2	0
70	小鸭先知	1	15	0	null	0	0	0
70	小鸭先知婴儿游泳	1	608	29	80	5	14	0
70	小鸭先知婴儿游泳馆	2	197	9	77.5	8	4.5	0
70	小鸭先知婴幼儿游泳馆	4	122.75	14	38.25	1.75	1	0
70	小鸭先知早教式婴幼儿游泳馆	1	22	0	73	1	null	0
70	小鸽子幼儿艺术中心	1	57	2	73	1	7	0
70	小鹿摄影	1	96	7	null	0	0	0
70	小鹿蒂尔	1	53	12	71	3	3	0
70	小龙人婴幼儿游泳馆	1	90	0	null	0	2	0
70	少年儿童银帆艺术团舞蹈七团	1	17	4	null	0	1	0
70	尚品成人情趣玩具	1	59	2	null	0	0	0
70	尚视映像摄影工作室	1	38	5	null	5	0	0
70	尼可视觉摄影有限公司	1	80	0	null	0	6	0
70	山姆大叔少儿英语	1	14	1	73	1	1	0
70	峡谷达人儿童乐园	1	232	37	75	4	2	0
70	崇文区儿童医院	1	30	1	71	3	1	1
70	崇文区妇幼保健院	1	137	10	72	4	6	1
70	巍阁月子会所	1	896	89	78	5	45	0
70	工体儿童嬉水乐园	1	87	7	71	2	0	0
70	工体翻斗乐	1	3324	697	84	220	181	0
70	巧克力盒子儿童精品摄影工作室	1	867	277	82	8	31	0
70	巧手婴儿理发(北京)	1	517	100	78	5	21	0
70	巧虎乐智小天地	11	204.09	6.91	97.09	2.73	7.64	0
70	巧虎游乐园	1	57	1	69	2	0	0
70	巨石达阵美式橄榄球培训	1	50	7	null	0	2	0
70	巴学园少儿活动中心	1	13	3	null	0	1	0
70	巴布豆	7	19.86	0.86	41.86	1.14	0.86	0
70	巴扎童嘎藏饰手工专卖	1	23	2	69	3	0	0
70	巴拉巴拉	15	21.07	0.6	43.27	1.47	0.53	0
70	巴比豆童装店	1	19	0	null	0	0	0
70	巴瑞克阳光早教	2	58.5	3	0	0	9.5	0
70	巴蒂贝比孕童摄影会馆	2	178	10.5	41	7	6	0
70	巴迪豆豆国际儿童教育	1	49	5	73	1	3	0
70	巴黎儿童摄影	1	73	1	69	1	5	0
70	布伊熊儿童摄影	1	56	4	64	2	0	0
70	布奇乐乐园	4	90.75	5.75	39	3.25	3.25	0
70	帅宝宝婴儿游泳	1	22	1	null	0	2	0
70	师资级催乳师	1	105	1	73	1	1	0
70	希贝儿婴童摄影	1	10	1	null	0	2	0
70	帕乐菲尔	1	38	2	69	1	0	0
70	帕乐菲尔游乐园	1	37	3	null	0	0	0
70	帕米拉儿童摄影	1	25	0	null	0	1	0
70	帝爱儿童摄影	1	44	22	73	2	1	0
70	常春藤宝贝早教中心	1	18	2	null	0	3	0
70	常青藤宝贝早教资源中心	1	14	2	null	0	0	0
70	平谷区妇幼保健院	1	14	1	78	5	1	1
70	幸福baby儿童摄影	1	73	5	73	2	4	0
70	幸福佳佳专业儿童摄影中心	1	12	0	null	0	1	0
70	幸福儿童乐园	1	40	2	72	3	2	0
70	幸福妈妈孕妇装	1	16	1	null	0	1	0
70	幸福拍拍儿童摄影工作室	1	11	0	66	1	0	0
70	幸福泉亲子园	1	28	5	null	0	2	0
70	幸福泡泡儿童摄影	3	207.67	28.33	70	4.67	8.33	0
70	幸福派儿童摄影	2	113	2.5	36.5	0.5	4.5	0
70	幸福贝贝	6	55	5.67	78.33	24.83	1.17	0
70	幸运宝贝儿童摄影	2	21	1.5	0	0	0.5	0
70	幻视觉摄影	1	259	32	null	0	13	0
70	幼美乐儿童乐园	1	14	2	null	0	0	0
70	广禾堂月子餐	2	316	68	81.5	19.5	11	0
70	康月国际母婴护理中心	1	271	27	83	13	16	0
70	康朴乐	1	28	3	null	0	0	0
70	康萌儿童摄影	1	31	1	null	0	0	0
70	康贝乐孕婴童宝宝店	1	30	2	71	1	3	0
70	康顺贝贝母婴生活馆	1	68	6	71	1	4	0
70	开心佳贝专业儿童摄影中心	1	13	4	null	0	1	0
70	开心哈乐	1	24	2	null	0	1	0
70	开心哈乐儿童乐园	1	13	0	null	0	0	0
70	开心哈乐室内儿童主题亲子乐园	3	84	4.33	23	0.33	2.67	0
70	开心孩子俄罗斯儿童中心	1	17	0	null	0	0	0
70	开心宝贝创意儿童摄影	1	877	30	80	5	28	0
70	开心果乐园	1	11	27	null	16	2	0
70	强生婴儿	1	41	2	77	9	2	0
70	当佳宝贝儿童摄影机构	1	32	0	null	0	3	0
70	彤星摄影	1	21	0	null	0	2	0
70	彩翼儿童美术馆	7	75.57	14.57	31.29	0.43	4.86	0
70	彩虹伞亲子园	1	13	1	null	0	2	0
70	彩虹堂儿童教育培训	1	11	1	null	0	0	0
70	彩虹岛儿童乐园	5	37.2	8.4	14.6	0.2	2.8	0
70	彩虹岛儿童乐园十里堡店	1	108	2	73	1	0	0
70	彩虹星球	2	37.5	7.5	35.5	0.5	2	0
70	彩虹春天专业儿童摄影	1	85	6	69	1	5	0
70	彩虹树儿童绘本馆	1	24	10	null	0	1	0
70	彩虹王国室内亲子游乐场	1	58	8	null	1	1	0
70	彩虹糖儿童乐园	1	14	0	null	0	0	0
70	彩虹糖精灵儿童摄影	1	411	57	86	19	18	0
70	彩虹贝比亲子中心	1	137	0	null	0	4	0
70	影动视觉摄影会馆	1	14	0	null	0	1	0
70	影宝	1	25	0	70	2	0	0
70	影宝影贝儿童摄影	1	56	2	null	0	1	0
70	律迪雅儿童成长中心	1	10	0	null	0	0	0
70	御贝国际孕婴SPA主题会所	2	133	21.5	40	14.5	3.5	0
70	御香园童趣园	1	31	21	69	2	1	0
70	微影时代摄影服务中心	1	15	1	null	0	0	0
70	微笑彩虹儿童摄影	1	15	5	null	1	0	0
70	微笑摄影	1	14	0	71	1	1	0
70	德喜母婴	1	18	2	69	1	1	0
70	德嘉慧英语	1	13	2	null	0	0	0
70	德曼艺术培训中心	1	23	1	null	0	3	0
70	心心儿童情景剧团	1	11	0	null	0	0	0
70	心灵捕手新生儿摄影	1	90	6	null	0	3	0
70	心阅读教育绘本馆	1	25	2	null	0	1	0
70	心隅孕妇摄影	1	2433	773	93	50	85	0
70	忆时光儿童摄影工作室	1	58	4	null	0	2	0
70	忆童年精致儿童摄影	1	15	6	null	0	0	0
70	快乐天使早教中心	1	12	8	null	0	2	0
70	快乐天天儿童摄影	1	34	0	null	0	2	0
70	快乐娃儿童游乐场	1	31	4	69	2	0	0
70	快乐娃婴幼儿游泳馆	1	85	3	null	0	6	0
70	快乐娃孕婴儿童城	1	32	1	73	1	1	0
70	快乐娃孕婴童用品特卖场	5	135	22.2	77.6	30.4	5.2	0
70	快乐小屋儿童乐园	1	28	0	null	0	1	0
70	快乐小苹果少儿教育培训中心	1	12	1	null	0	1	0
70	快乐小贝婴儿游泳馆	1	31	2	null	0	0	0
70	快乐屋孕妇时装	5	26	1.2	13.8	0.2	0.2	0
70	快乐庄园儿童摄影	1	10	0	null	0	1	0
70	快乐比尔游泳馆	2	165.5	6	36.5	0.5	10	0
70	快乐稻草人儿童摄影	1	40	8	null	0	4	0
70	快乐童年	1	68	1	null	0	4	0
70	快乐葡萄儿童游泳馆	1	216	14	77	3	4	0
70	快乐音童琴行	1	69	7	null	0	5	0
70	快乐鱼儿童游泳中心	1	104	8	null	0	4	0
70	快乐鱼婴幼儿游泳	1	14	1	null	0	0	0
70	快乐鸟孕婴童摄影	1	2083	396	88	34	90	0
70	思马特儿童之家	1	14	3	null	0	2	0
70	怡然专业母婴护理机构	1	29	0	null	0	0	0
70	恒信立业家政服务	1	15	1	73	1	0	0
70	恩玛婴幼儿游泳馆	1	15	1	null	0	0	0
70	恩贝婴儿游泳馆	1	43	5	69	1	1	0
70	悠唐酷星云儿童乐园	1	22	25	null	6	1	0
70	悠游堂PORORO®主题乐园	1	2895	434	83	58	97	0
70	悠游堂儿童乐园	1	39	3	null	2	1	0
70	悠游鱼婴儿水育早教中心	1	101	17	71	1	2	0
70	悠贝亲子图书馆（西二旗领秀馆）	1	35	1	69	1	1	0
70	悦宝园	1	20	2	null	0	1	0
70	悦果儿童成长生活馆	1	13	0	null	0	1	0
70	悦沙	1	13	4	null	1	1	0
70	悦迪亲子胎教中心	1	16	4	73	1	0	0
70	悦雅园	1	15	0	71	1	0	0
70	惜美母婴中心	2	16	1	31.5	0.5	0.5	0
70	惠嘉宝宝早教咨询中心	1	14	0	71	1	0	0
70	意佳宝贝亲子乐园	1	34	5	73	1	3	0
70	慕司宝贝儿童摄影	1	171	132	85	15	8	0
70	慧嘉乐月嫂	1	11	2	null	0	2	0
70	慧婴之家	3	47.67	6.67	45.67	2.33	0	0
70	慧婴之家婴儿游泳	1	109	26	null	0	3	0
70	慧婴之家婴儿游泳馆	3	40.33	3	0	0	0.67	0
70	慧婴之家婴幼儿游泳会所	1	16	0	null	0	5	0
70	慧婴之家婴幼儿游泳馆	1	129	22	74	4	6	0
70	慧宝之家母婴护理中心	1	20	1	null	0	0	0
70	慧成长儿童情商教育	1	15	1	null	0	3	0
70	慧才苑幼儿学苑	1	38	0	null	0	1	0
70	憨豆儿童摄影	1	331	100	81	27	13	0
70	憨豆摄影	1	10	0	null	0	0	0
70	戏游记儿童创意剧场	1	17	3	null	0	0	0
70	成长印记儿童摄影工作室	1	116	12	73	1	3	0
70	成长故事儿童摄影工作室	1	157	32	82	8	6	0
70	成长日记专业儿童摄影	1	48	1	75	2	3	0
70	成长日记儿童学生摄影工作室	1	15	0	null	0	2	0
70	成长日记儿童摄影室	1	11	0	null	0	0	0
70	我爱嘟嘟	1	12	1	null	0	1	0
70	我爱泥	1	52	1	null	0	0	0
70	我爱积木	1	25	0	null	0	0	0
70	我的童年儿童摄影工作室	1	22	2	null	0	0	0
70	扑哩妙玩屋	1	83	16	null	3	0	0
70	托比梦想乐园	1	31	1	null	0	1	0
70	托马斯village	1	819	65	76	12	29	0
70	抓马宝贝	1	35	14	null	3	3	0
70	抓马宝贝教育体验中心	1	44	5	73	3	2	0
70	抓马（北京）教育咨询有限公司	1	12	0	null	0	0	0
70	抱抱宝宝家庭影像纪录工作室	1	109	7	null	0	3	0
70	拉尼妮雅	1	27	0	null	0	0	0
70	拉比	4	19.5	1.75	71	1	0.25	0
70	拉比盒子	1	34	1	null	0	0	0
70	拉菲儿童摄影	1	35	81	73	1	2	0
70	拉钩钩国际早教	1	55	7	73	1	2	0
70	拍拍熊专业儿童摄影	1	15	0	63	1	0	0
70	拒马游乐园	1	14	3	71	1	0	0
70	探奇乐园	2	652.5	205.5	84.5	79.5	39.5	0
70	探奇宝贝乐园	1	32	1	null	0	0	0
70	提啦宝贝	1	258	39	78	14	6	0
70	摇篮星家园	1	13	2	null	0	2	0
70	摩丝菲尔儿童乐园	1	16	0	null	0	0	0
70	摩天轮摄影工作室	1	16	1	null	0	2	0
70	摩尔庄园专业儿童摄影	1	129	9	79	7	8	0
70	摩尔庄园儿童乐园	1	88	8	69	1	3	0
70	摩尔维艺术教育	1	47	2	null	0	4	0
70	摩比思维馆	4	54.25	6.5	53.25	0.75	2.5	0
70	摩登娃娃	1	105	8	79	4	1	0
70	摩登娃娃儿童摄影中心	1	238	16	79	5	10	0
70	数码宝贝摄影机构	1	17	1	null	0	1	0
70	文同国际儿童美语	1	65	4	71	1	7	0
70	文家小屋婴幼儿游泳馆	2	127	10	74.5	5.5	4	0
70	文文照相馆	1	134	8	72	4	5	0
70	斑斑马STUDIO	1	65	5	73	1	2	0
70	斑班岛儿童摄影	1	349	12	82	9	19	0
70	斯乃纳	1	17	0	null	0	null	0
70	斯玛特儿童美术中心	1	98	2	null	3	5	0
70	斯玛特儿童艺术工作室	2	16	0.5	0	0	1	0
70	新世界孕妇摄影	1	48	1	null	0	0	0
70	新世纪儿童医院	1	401	27	61	16	11	1
70	新世纪妇儿医院	1	870	63	81	7	27	1
70	新世纪荣和儿科门诊部	2	73.5	3	0	0	1	0
70	新东方POP少儿英语	1	36	1	69	1	1	0
70	新东方少儿劲松中心	1	23	3	71	1	0	0
70	新东方泡泡少儿教育	1	18	0	null	0	1	0
70	新东方满天星早教	1	11	2	null	1	1	0
70	新东方迈格森国际教育	4	48.75	3.25	37.5	1.5	0.75	0
70	新动力玩具店	2	37	2.5	35.5	0.5	1	0
70	新奇特快乐100玩具店	1	12	0	null	0	0	0
70	新妈妈月子中心	1	1442	147	83	21	89	0
70	新安怡	1	10	0	null	0	0	0
70	新时模型	3	119	38	53.33	19.33	4.33	0
70	新爱婴早教中心	1	32	3	73	1	2	0
70	新舒雅少儿艺术中心	1	18	4	null	0	2	0
70	新鑫贝儿童乐园	1	60	2	71	1	1	0
70	方庄一幼	1	53	0	71	1	2	1
70	方庄童乐大世界	1	29	1	null	0	0	0
70	方格子儿童摄影机构	2	69.5	16.5	38.5	5	3	0
70	旗舰毛绒	1	40	4	69	1	1	0
70	无忧草母婴家政服务中心	2	30.5	3	0	0	0	0
70	无忧草母婴生活馆	2	14.5	0.5	0	0	0	0
70	日日葵专业儿童摄影	1	46	1	71	1	3	0
70	日系童装	1	20	1	null	0	0	0
70	时光印儿童摄影	1	51	14	79	5	0	0
70	时光小屋儿童摄影	1	14	0	69	1	0	0
70	时光映像纪实摄影	1	112	6	73	1	5	0
70	时光机摄影	1	112	24	80	6	5	0
70	时光轴儿童摄影	1	16	3	null	0	1	0
70	时尚辣妈孕妇写真	1	14	0	null	0	2	0
70	旺宝宝摄影	1	18	2	69	1	1	0
70	昂立稚慧谷三环新城	1	12	1	null	0	1	0
70	昂立稚慧谷亲子早教乐园	2	26	2	0	0	0.5	0
70	昌平妇幼保健医院	1	108	12	76	15	6	1
70	昌平镇月儿湾婴幼儿游泳馆	1	62	3	null	0	0	0
70	昌龙童乐儿童游乐场	1	11	0	null	0	0	0
70	明天幼稚集团	1	14	0	null	0	2	0
70	明天幼稚集团第四幼亲子园	1	10	2	null	0	0	0
70	明日之星	1	10	0	null	0	1	0
70	明星狗童装	1	12	0	69	1	0	0
70	易家时代母婴中心	4	31.25	1.25	0	0	0.25	0
70	易贝乐国际少儿英语	4	54.5	4	52.75	1	1	0
70	星光好孩子儿童摄影	1	17	3	71	1	0	0
70	星光贝儿儿童摄影	1	43	1	null	0	1	0
70	星光贝贝美国主题儿童摄影	1	16	2	null	0	1	0
70	星吧阁少儿英语Starbugs	1	46	1	null	0	0	0
70	星奥童年儿童乐园	1	412	26	79	12	7	0
70	星宝宝婴幼儿游泳馆	2	12.5	3.5	0	0	0.5	0
70	星星宝贝少儿舞蹈艺术团	1	22	8	null	0	5	0
70	星星宝贝少儿艺术团	2	18.5	5.5	36.5	0.5	1	0
70	星期八小镇儿童摄影	1	13	2	null	0	3	0
70	星期六儿童乐园林萃路店	1	135	2	63	1	2	0
70	星期六儿童成长主题乐园	2	24	0.5	0	0	0	0
70	星期六婴幼儿水上乐园	1	11	0	null	0	0	0
70	星猫亲子馆	1	78	3	73	2	5	0
70	星空琴行	1	11	1	null	0	1	0
70	星贝乐儿童摄影店	1	69	13	66	2	0	0
70	星贝儿摄影	1	80	3	69	1	4	0
70	星际宝贝专业儿童摄影	1	147	11	73	1	5	0
70	春天印象摄影机构亲子孕妇社	1	43	0	null	0	4	0
70	春天河谷	1	16	0	null	0	0	0
70	春枝旺孕妇装	1	10	1	null	0	0	0
70	春藤少儿智能英语万柳中心	1	16	1	63	1	0	0
70	昱嘉宝宝生活用品	1	11	0	null	0	0	0
70	昱璐	1	13	1	null	0	1	0
70	晨曦儿童摄影	2	93.5	8	72.5	1.5	4.5	0
70	晨曦儿童摄影会所	1	26	2	null	0	3	0
70	晨曦沐歌婴儿游泳馆	1	184	41	79	9	2	0
70	晨育青少儿跆拳道培训	2	13.5	4	0	0	1.5	0
70	普蕾艺术	1	23	1	null	0	0	0
70	晶格格摄影工作室	1	2328	335	89	60	144	0
70	智力王国能量娃	1	15	1	71	2	0	0
70	智婴之家母婴护理中心	1	15	1	null	0	0	0
70	智慧家幼小衔接	2	46.5	3	72.5	1.5	2	0
70	智慧岛托管园	1	11	1	null	0	2	0
70	智慧芽儿童摄影	1	20	0	null	0	0	0
70	智爱宝早教中心	1	11	0	null	0	0	0
70	智趣星儿童乐园	1	44	3	null	0	1	0
70	智高	5	26.6	1.2	29.2	0.4	0.6	0
70	智高科学大卫营	1	15	3	null	0	0	0
70	暖暖英国奶粉直邮	1	11	0	null	0	0	0
70	暖洋宝贝婴幼儿游泳馆	1	49	11	73	1	0	0
70	曼妙孕味新派主题孕妇摄影	1	946	150	83	11	28	0
70	曼迪儿童摄影	1	26	0	null	0	0	0
70	最强宝贝儿	1	53	1	69	1	0	0
70	月亮宝贝孕婴童店	1	16	1	69	1	2	0
70	月儿湾儿童游泳馆	1	10	0	null	0	0	0
70	月儿湾婴幼儿休闲会所	5	202.4	8.8	31.2	1.8	5	0
70	月儿湾婴幼儿游泳馆	3	55.33	4.33	23	0.33	1	0
70	月光宝贝儿童摄影	1	12	5	null	0	1	0
70	月嫂点评网	1	14	0	null	0	1	0
70	月嫂爱心家务服务中心	2	18	2.5	0	0	1	0
70	月来悦好国际月子会所	1	771	68	76	2	31	0
70	朗文少儿英语	1	15	0	69	1	0	0
70	望京少儿拉丁	1	10	2	null	0	1	0
70	朝阳区妇儿医院	1	24	5	null	0	2	1
70	朝阳区妇幼保健院	1	709	66	74	64	41	1
70	朝阳商业大楼儿童乐园	1	53	6	71	1	3	0
70	朦胧纱摄影	1	28	2	null	0	2	0
70	木马	1	18	0	71	2	1	0
70	未来星儿童摄影	1	66	0	73	1	0	0
70	本·绘 美术工作室	1	14	0	null	0	1	0
70	本卡拉	1	10	0	null	0	null	0
70	本真双语艺术幼稚园	2	25.5	0.5	36.5	0.5	2.5	0
70	本色棉	1	59	0	71	1	1	0
70	朵朵儿童摄影	1	24	1	null	0	1	0
70	朵朵年华儿童摄影	2	24.5	4.5	0	0	2	0
70	机器人兵团	2	11	1	0	0	0	0
70	李凌云儿童自由绘画乐园	1	53	13	73	1	2	0
70	李宁童装	2	18	0	0	0	0	0
70	李跃儿巴学园	1	426	13	70	3	17	0
70	李阳少儿英语	1	14	1	61	3	1	0
70	来此探索	1	11	1	71	1	0	0
70	来此购	4	12.5	1	35.5	0.5	0	0
70	杰印象儿童摄影	1	35	0	null	0	2	0
70	杰西卡儿童摄影	1	839	168	88	21	41	0
70	枕邊玩具	1	63	1	71	1	1	0
70	果核儿童科学实验室	1	21	1	null	0	2	0
70	果核科学	1	30	1	null	0	1	0
70	枫叶儿童之家	2	944.5	69.5	84.5	34	70	0
70	枫叶儿童之家沙池	1	146	0	73	1	2	0
70	柏文熊（ 双井富力城）	1	57	1	73	2	2	0
70	柏林儿童摄影	3	143	15.67	77.67	8.67	4.33	0
70	柏林托儿所	1	16	2	null	0	2	0
70	柠檬儿童摄影	1	121	3	null	1	5	0
70	柯莱特日托中心	1	59	6	null	0	10	0
70	柯迪凯蒂专业儿童摄影机构	1	1730	409	86	19	41	0
70	柯迪凯迪专业儿童摄影	1	14	1	null	0	0	0
70	栋栋玩具店	1	11	1	null	0	1	0
70	核桃树儿童摄影工作室	1	142	58	80	9	7	0
70	格列佛人体奥妙探索乐园	1	32	1	null	0	0	0
70	格律天使婴幼儿水育中心	1	283	7	77	3	8	0
70	格恩教育	1	21	0	null	0	3	0
70	格林儿童摄影	1	97	3	63	1	3	0
70	格林宝贝 儿童摄影	1	19	0	null	0	1	0
70	格林小趣	1	13	1	null	0	2	0
70	格林童话	1	25	0	null	0	0	0
70	格林童话儿童摄影	2	117.5	6	34.5	1	0.5	0
70	格林童趣	4	101.5	3	20	2.5	2	0
70	格林童趣专业儿童摄影	16	577.69	45.06	95.25	12.13	19	0
70	格林童趣儿童摄影	2	104.5	6.5	31.5	7.5	4.5	0
70	格玛爱儿美国际儿童摄影	1	50	1	null	0	1	0
70	桃源点点儿童摄影	1	95	27	76	3	4	0
70	桐林专业儿童摄影	1	20	1	null	0	0	0
70	桐林乐趣高端孕婴影像馆	1	157	10	73	1	2	0
70	桑尼摩尔	1	48	3	75	34	4	0
70	桥下儿童游乐场	1	25	0	69	1	0	0
70	梦乐城	1	73	0	71	1	1	0
70	梦乐城儿童乐园	1	54	2	null	0	3	0
70	梦巴黎儿童摄影	1	32	0	null	0	0	0
70	梦幻儿童乐园	1	13	1	null	0	2	0
70	梦幻岛儿童乐园	1	27	2	null	0	0	0
70	梦想儿童游乐园	1	43	2	71	1	1	0
70	梦想剧场-妞妞家	1	51	4	null	0	1	0
70	梦田宝贝派对	2	32	0	0	0	2	0
70	梵婀琳音乐舞蹈早教	1	15	1	null	0	2	0
70	棒棒堂	3	93	7	71	3.33	3	0
70	棒棒糖亲子儿童乐园	1	19	10	null	1	1	0
70	棒棒糖儿童摄影	1	20	1	null	0	3	0
70	棒棒贝贝	1	24	4	null	0	0	0
70	棒棒贝贝科技中心	3	48.67	5.33	0	0	1	0
70	棠果摄影	1	171	43	72	5	6	0
70	森妮儿童摄影	1	49	8	73	4	1	0
70	森林小屋儿童摄影	1	636	120	87	25	24	0
70	森林湖儿童摄影工作室	1	156	24	82	12	5	0
70	森芭蒂儿童摄影	1	34	1	73	3	3	0
70	模型体验	1	69	3	78	3	1	0
70	橙色时光儿童摄影	1	48	9	74	4	2	0
70	橙色格调创意儿童摄影	1	377	30	82	15	10	0
70	橡皮擦纪实摄影	1	25	1	null	0	2	0
70	欢乐八人行少儿英语	1	17	0	null	0	2	0
70	欢乐园	1	172	3	69	1	1	0
70	欢乐国	1	36	3	71	1	0	0
70	欢乐国玩具	1	17	6	71	1	0	0
70	欢乐城堡国际少儿英语	1	29	5	null	0	4	0
70	欢乐宝贝儿童主题乐园	1	809	109	83	31	24	0
70	欢乐游儿童游艺沙滩馆	1	55	11	null	0	0	0
70	欢乐送母婴用品	1	11	0	null	0	0	0
70	欢彩世界	1	32	0	null	0	1	0
70	欧卡星	1	12	0	null	0	0	0
70	欧开蒂童装	3	50.67	10	27.33	4.67	1.67	0
70	欧思弗国际教育	1	13	1	null	0	3	0
70	欧杰思国际少儿情智乐园	2	37.5	7.5	70	1.5	2	0
70	欧麦儿童摄影工作室	1	35	4	null	0	1	0
70	正午视觉儿童摄影家庭影像馆	1	7960	172	83	10	379	0
70	步步安儿童玩具	1	27	0	71	1	0	0
70	武术世家少儿培训中心	1	39	8	null	0	6	0
70	武艺宝贝功夫会馆	1	10	1	null	0	0	0
70	母婴健康生活馆	1	19	0	null	0	0	0
70	母婴坊婴童时尚生活馆	1	11	0	69	1	1	0
70	母婴室	1	14	1	null	0	0	0
70	母婴护理中心	1	27	1	null	0	0	0
70	每岁一咔儿童摄影	1	80	8	73	1	0	0
70	比如世界	1	4837	941	84	196	177	0
70	比如世界一层爱玩玩具	1	36	0	null	0	1	0
70	比尔王国	2	94	13.5	39	3	2	0
70	比菲熊儿童乐园	1	64	17	75	2	2	0
70	毛果果儿童摄影	2	444.5	62.5	116.5	19	24.5	0
70	毛毛虫儿童摄影	1	24	4	null	0	0	0
70	民子专业摄影	1	10	0	null	0	0	0
70	水动力儿童会所	1	62	12	null	0	1	0
70	水孩儿	7	18	0.43	61.14	1.29	0	0
70	水孩儿(大红门银泰)	1	13	0	71	1	0	0
70	水孩兒	1	14	0	69	1	0	0
70	水孩子国际儿童发展中心	1	310	31	74	3	9	0
70	水孩子国际水育早教中心（蓝色港湾）	1	36	0	null	0	2	0
70	水孩子水育早教崇文新世界中心	1	1435	27	79	11	46	0
70	水孩子水育早教金源燕莎中心	1	711	20	74	4	14	0
70	水宝宝婴幼儿游泳会所	1	24	1	null	0	0	0
70	水宝贝婴儿游泳馆	1	38	2	69	1	0	0
70	水摇篮婴幼儿游泳馆	1	91	20	77	5	0	0
70	水晶宝宝专业儿童摄影	1	78	4	73	2	2	0
70	水立方国际儿童玩具体验馆	1	221	10	null	0	15	0
70	永旺幻想儿童游乐	1	56	2	71	1	1	0
70	汇佳体验式早教中心	1	19	1	null	0	1	0
70	汇儿美儿童摄影	1	31	1	71	1	1	0
70	汇升教育网	1	53	0	null	0	0	0
70	汇才幼教	1	15	0	73	1	0	0
70	汉普森英语	2	28.5	1.5	35.5	0.5	1	0
70	汽车儿童安全座椅品牌	1	10	1	null	0	0	0
70	沃金小象儿童乐园	2	115.5	22.5	63	7	7	0
70	沐恩婴儿游泳馆	1	25	1	null	0	1	0
70	沙水乐婴儿游泳戏沙馆	1	23	3	null	0	0	0
70	泉鑫婴幼儿游泳馆	1	248	23	81	12	4	0
70	法拉艺术中心	1	10	0	null	0	1	0
70	泡泡儿童乐园	1	57	1	77	2	2	0
70	泡泡堂婴童游泳馆	1	389	183	89	75	8	0
70	泡泡少儿英语	3	28.67	2.33	71.67	1	0.67	0
70	波波鱼母婴亲水保健中心	1	37	5	null	0	1	1
70	泥点点	1	53	0	null	0	1	0
70	泥点点diy手工吧	1	50	1	71	1	0	0
70	泰格国际母婴护理会所	1	15	0	null	0	1	0
70	泰迪熊	1	27	2	null	0	0	0
70	泺喜机器人	2	12.5	0	0	0	0.5	0
70	泼泼龙	1	28	1	73	1	0	0
70	洋娃娃美国生子美国月子中心	1	14	1	null	0	0	0
70	洋学堂英语	1	16	3	71	1	1	0
70	洋宝宝儿童娱乐城	2	73	8.5	72.5	3	4.5	0
70	洋洋宝宝	1	45	2	73	1	2	0
70	洋洋宝宝店	1	55	6	71	1	3	0
70	洛丽塔儿童摄影	1	11	0	null	0	0	0
70	洪恩幼儿英语教学实验园	1	10	0	null	0	1	0
70	洵瑛月嫂育儿早教服务中心	1	25	0	69	1	0	0
70	派乐多快乐少儿英语	2	11.5	1.5	0	0	1	0
70	派乐多快乐英语	1	15	0	59	2	1	0
70	派克兰帝	8	26.25	0.88	98	2.63	0.25	0
70	派迪派	1	13	0	null	0	0	0
70	浅雨高品质儿童摄影	1	71	7	77	2	0	0
70	海华月嫂家政服务	1	57	3	73	1	0	0
70	海威迩	1	21	1	null	0	0	0
70	海宝宝婴儿游泳	1	19	5	71	1	0	0
70	海岸风光儿童摄影	1	161	31	63	1	5	0
70	海明贝贝儿童摄影	1	35	11	74	3	0	0
70	海星宝婴幼儿游泳会所	1	102	18	71	1	0	0
70	海洋宝宝绘本馆	1	54	11	null	0	7	0
70	海淀区妇幼保健院	2	499.5	31.5	79	73	22	1
70	海淀区少年儿童图书馆	1	11	7	null	1	1	1
70	海淀妇幼保健院	1	187	4	null	0	9	1
70	海淀展览馆哆啦A梦主题乐园	1	2379	313	74	4	24	0
70	海绵宝宝	1	13	0	null	0	0	0
70	海花诚挚月嫂家政服务中心	1	10	1	null	0	0	0
70	海豚湾国际儿童发展中心	1	11	0	null	0	0	0
70	海豚湾婴幼儿水育馆	1	64	0	null	0	0	0
70	海豚湾婴幼儿游泳	1	25	0	null	0	0	0
70	海贝儿儿童乐园	2	59.5	3.5	35	1	3	0
70	海贝儿室内儿童游乐园	1	95	14	72	4	3	0
70	海贝儿童乐园	1	11	0	null	0	2	0
70	海贝尔乐园	1	151	38	82	20	2	0
70	海贝尔室内儿童游乐园	1	27	0	null	0	0	0
70	海贝贝运动探索乐园	1	29	1	null	0	2	0
70	海辰贝贝	2	14.5	1.5	35.5	0.5	0	0
70	海逸模型	1	13	0	69	1	0	0
70	海阔蓝天益智创意馆	1	48	0	71	1	0	0
70	润婴宝	3	33.67	1	0	0	0.33	0
70	淘乐思幼教机构	1	15	1	null	0	1	0
70	淘宝贝国际教育	1	27	0	null	0	4	0
70	淘宝贝婴幼儿会馆	1	21	3	null	0	1	0
70	淘气堡	1	45	3	71	1	0	0
70	淘气堡沙水乐园	1	145	0	71	1	4	0
70	淘气宝沙水乐园	1	97	1	null	0	0	0
70	淘米乐儿童乐园	1	15	3	null	0	0	0
70	添香孕妇装	1	12	4	73	1	0	0
70	淼淼妈催乳师	1	18	1	null	0	0	0
70	清水柠檬摄影	1	13	1	null	0	1	0
70	清美智学少儿绘画工作室	1	27	2	null	0	0	0
70	温汀摄影	1	20	0	null	0	0	0
70	游乐慧儿童健康会所	1	56	5	null	0	2	0
70	游乐美婴幼儿游泳馆	1	21	2	69	1	1	0
70	湖景水上乐园	1	53	17	69	1	2	0
70	湾湾妈儿童摄影屋	1	17	0	null	0	2	0
70	溪谷摄影工作室	1	39	3	null	0	4	0
70	滨河儿童乐园	1	30	7	69	5	0	0
70	漂亮妈咪开心宝贝孕婴童装店	1	36	0	71	1	3	0
70	漂亮宝贝专业摄影	1	23	7	null	0	0	0
70	漂亮宝贝爱婴摄影世界	2	46	10.5	36.5	0.5	3	0
70	漂亮宝贝精致儿童摄影	1	40	3	null	0	1	0
70	潮宝阁	1	11	2	71	1	0	0
70	潮童童装店	1	40	0	null	0	0	0
70	潼珍创意儿童摄影工作室	1	273	24	73	1	13	0
70	澳中西红柿国际母婴中心	1	20	0	null	0	0	0
70	瀛海朵朵联萌儿童摄影工作室	1	28	2	null	0	1	0
70	火爆全城潮物大黄鸭公仔 超高人气	1	13	1	null	0	1	0
70	火车乐园	1	92	3	77	4	4	0
70	火车模型-利顺恒达火车模型	1	16	0	null	0	1	0
70	灵童佳影儿童摄影中心	1	66	6	78	5	2	0
70	点点奇儿童图书馆	1	12	4	null	0	1	0
70	点点酷东东	1	12	0	69	3	0	0
70	点石儿童坊	1	16	1	69	2	0	0
70	照相馆儿童摄影	1	2293	191	89	32	101	0
70	熊太郎	2	18.5	6.5	69	5.5	0	0
70	熊孩子儿童拓展乐园	1	62	6	null	0	0	0
70	熊宝宝婴幼游泳	1	91	8	71	1	2	0
70	熙晗宝贝婴儿游泳馆	1	29	4	null	0	2	0
70	燕子摄影	1	229	8	76	2	2	0
70	燕郊乐天玛特艾尔婴幼儿游泳中心	1	38	1	null	0	1	0
70	爱I See幼教	1	17	0	null	0	2	0
70	爱丽思儿童摄影	2	62.5	6	36.5	1	2.5	0
70	爱之约婚纱儿童摄影	1	31	1	63	1	0	0
70	爱之约婚纱摄影	1	17	0	null	0	0	0
70	爱乐国际早教中心	7	173.71	11.29	90.71	3.29	9.86	0
70	爱乐游	12	247.25	44.08	70.17	12.5	8.17	0
70	爱乐祺	1	93	29	71	9	4	0
70	爱乐祺国际早教	1	20	2	null	0	2	0
70	爱乐童婴幼儿游泳馆	1	308	60	79	13	8	0
70	爱乐缘专业儿童摄影	2	254	76	84.5	23	6.5	0
70	爱乐褀国际早教中心	1	54	3	71	1	5	0
70	爱乐陶艺	2	20	1	0	0	0.5	0
70	爱亲婴幼儿水育中心	1	86	3	null	0	4	0
70	爱亲母婴生活馆	4	23.5	1	36	0.5	0.75	0
70	爱人情趣玩具	1	13	0	null	0	0	0
70	爱伊美赴美生子月子中心	1	86	3	73	1	1	0
70	爱你宝贝儿童摄影	1	24	1	60	2	1	0
70	爱佳宝贝儿童摄影	1	23	0	null	0	0	0
70	爱佳静专业孕婴摄影	1	117	8	73	1	5	0
70	爱侬母婴	5	12	0.2	0	0	0	0
70	爱儿优婴儿游泳	1	14	3	null	0	2	0
70	爱儿坊幼儿教育	1	16	2	null	0	0	0
70	爱儿家蒙台梭利童乐园	1	10	1	null	0	1	0
70	爱儿美	1	24	1	null	0	0	0
70	爱儿美五路居花园别墅店	1	63	2	null	0	1	0
70	爱儿美儿童摄影	7	1865.29	166.43	96.29	48.86	79.43	0
70	爱儿美小西天店	1	26	1	null	0	2	0
70	爱儿菲儿童摄影	1	49	13	73	2	2	0
70	爱北喜乐儿童摄影	1	981	20	73	2	39	0
70	爱华国际教育	2	15.5	0.5	34.5	0.5	1.5	0
70	爱博思国际儿童教育	1	34	1	69	1	3	0
70	爱可园儿童之家	1	133	4	null	0	7	0
70	爱唯婴孕婴童摄影	2	30.5	5	35.5	0.5	1	0
70	爱多艺国际艺术教育中心	1	13	1	null	0	4	0
70	爱妈咪宝宝游泳馆	1	40	2	null	0	1	0
70	爱婴美婴幼儿游泳馆	1	104	8	73	4	2	0
70	爱宝儿儿童摄影	1	13	2	null	0	0	0
70	爱宝婴幼儿游泳	1	107	15	73	2	4	0
70	爱宝婴幼儿游泳馆	1	13	1	null	0	0	0
70	爱宝宝母婴护理服务中心	1	68	6	71	2	1	0
70	爱宝无忧婴儿潜能拓展中心	1	72	6	66	3	0	0
70	爱宝贝专业儿童摄影	1	29	2	null	0	5	0
70	爱尔惠母早教中心	2	95.5	5	38.5	1.5	7	0
70	爱尚阳光宝贝儿童摄影工作室	1	41	3	null	0	4	0
70	爱就推门	1	20	2	66	1	1	0
70	爱幼游儿童娱乐城	1	19	1	null	0	0	0
70	爱影时尚影像服务中心	1	22	2	null	0	0	0
70	爱德乐儿童乐园	2	60	4	35.5	0.5	2.5	0
70	爱德乐儿童游乐园	2	266	16	75	2	4.5	0
70	爱德乐儿童游乐园连锁服务中心	1	115	7	null	0	1	0
70	爱心Isee灰姑娘	3	123	6.33	47.33	1	7.33	0
70	爱心家园母婴服务中心	1	12	0	null	0	0	0
70	爱思特国际英语	1	26	8	76	3	2	0
70	爱思积模	1	67	12	null	0	7	0
70	爱思童	1	31	0	77	2	1	0
70	爱悦儿婴幼儿游泳馆	1	168	78	89	32	5	0
70	爱慕kids	1	39	1	73	2	0	0
70	爱慕儿童	1	32	1	71	1	1	0
70	爱慕婴儿用品	1	47	2	69	1	1	0
70	爱洛公主精品儿童摄影	1	248	7	71	1	6	0
70	爱洛公主精品婚纱摄影	1	106	3	null	0	3	0
70	爱淇儿儿童乐园	1	296	25	77	5	12	0
70	爱玛家母婴中心	1	84	4	null	0	3	0
70	爱玩儿童玩具	1	46	1	null	0	2	0
70	爱百年婴儿理胎发	2	62	12	35.5	1.5	0.5	0
70	爱百年婴儿纪念品	1	21	2	null	0	1	0
70	爱百年孕婴童摄影	1	54	2	66	1	1	0
70	爱百年母婴护理	1	16	2	null	0	1	0
70	爱的世界宝贝屋	2	11.5	0.5	35.5	0.5	0	0
70	爱睿少儿英语培训	1	13	2	69	1	1	0
70	爱米利国际儿童摄影	1	114	4	71	2	2	0
70	爱美英语	1	12	0	null	0	0	0
70	爱诺国际少儿教育	1	12	3	null	0	0	0
70	爱贝乐亲子图书馆	1	33	10	null	0	2	0
70	爱贝乐国际时尚儿童摄影	2	354.5	43.5	82.5	24.5	13	0
70	爱贝佳母婴护理服务中心	3	241	42	26	1	5.67	0
70	爱贝佳母婴护理机构	1	31	1	null	0	2	0
70	爱贝儿儿童摄影	1	18	0	null	0	0	0
70	爱贝拉儿童摄影	1	15	0	null	0	1	0
70	爱贝特国际儿童摄影	1	28	2	71	2	0	0
70	爱都母婴	1	15	1	66	1	2	0
70	爱雅雅艺术中心	1	15	4	null	0	3	0
70	爹地妈咪儿童摄影	2	178	13.5	75.5	19.5	5.5	0
70	牛人儿童摄影	1	16	3	null	0	1	0
70	特可欣母婴服务中心	1	40	0	null	0	3	0
70	猫头鹰儿童摄影	1	63	2	73	1	3	0
70	猫猫呵儿童摄影金属相纸概念店	1	256	10	79	10	4	0
70	玖宝儿童公社	1	10	0	null	0	1	0
70	玛丽妇婴医院	1	141	0	null	0	2	0
70	玛尔比恩早教中心	1	39	2	null	0	2	0
70	玛玛洛可优学馆	1	10	3	null	0	0	0
70	玛玛洛可家庭中心	1	161	14	80	7	7	0
70	玛米玛卡	1	10	0	null	0	1	0
70	玛莎之家国际母婴会馆	4	90	11.25	39	4	5	0
70	玛莎之家国际母婴馆	1	154	8	73	1	1	0
70	玛莎之家婴儿游泳馆	3	30.33	2	21	0.33	0	0
70	玛莎之家婴幼儿游泳馆	1	23	4	null	0	0	0
70	玛莎之家母婴游泳管	1	23	2	null	0	0	0
70	玩具反斗城	4	352.75	38.5	80.25	17	11.75	0
70	玩具批发	1	21	1	null	0	0	0
70	玩趣儿童玩具生活馆	1	32	1	null	0	0	0
70	玩趣儿童生活馆	1	14	1	null	0	0	0
70	玫瑰城	1	13	1	71	1	0	0
70	玫瑰城儿童快乐园	1	16	2	69	1	0	0
70	环东乐园	1	10	7	null	0	2	0
70	环保娃娃儿童剧社	1	30	2	71	1	0	0
70	环奇	1	13	0	null	0	1	0
70	环球博雅少儿英语	2	12	1.5	36.5	0.5	1.5	0
70	环球雅思青少儿国际英语	4	167.75	6.5	122.75	2	6.5	0
70	现代私塾博雅书院	1	36	7	69	1	2	0
70	珍情真爱儿童摄影	1	35	1	null	0	3	0
70	理想英语	1	12	1	null	0	1	0
70	瑞丁国际幼稚园	2	101.5	5.5	0	0	10	0
70	瑞丽妇科医院	1	43	3	null	0	3	1
70	瑞吉欧国际双语艺术婴幼园	1	36	0	null	0	2	0
70	瑞婴祥孕婴用品专卖	1	12	0	73	1	2	0
70	瑞宝少儿英语	1	18	0	null	0	1	0
70	瑞德亲子学堂	1	12	1	null	0	1	0
70	瑞德探知学堂	2	19.5	0	33	1	1	0
70	瑞思学科英语	16	197.69	8.13	106.5	6.5	9.06	0
70	甜梦岛儿童摄影	1	29	3	76	2	1	0
70	甜蜜宝贝产后修复塑形中心	2	98	18.5	37	1.5	2	0
70	甜蜜树高端影像定制	1	27	1	null	0	3	0
70	田野私语孕妇摄影	1	96	4	null	0	2	0
70	申影工作室	1	21	0	null	0	0	0
70	男孩女孩儿童摄影	1	40	3	63	1	1	0
70	男孩女孩摄影	1	25	0	null	0	3	0
70	画弈学馆	1	27	7	null	0	0	0
70	画时代少儿美术培训	1	25	2	null	0	0	0
70	畅游天地婴幼儿游泳馆	1	46	6	71	1	1	0
70	畅游宝宝游泳馆	1	138	45	77	2	7	0
70	番茄苗	1	98	0	69	1	0	0
70	番茄苗美术中心	4	142.75	19.5	57.75	2.75	5.25	0
70	白孔雀摄影艺术中心	1	13	0	null	0	1	0
70	白日梦儿童摄影工作室	1	61	5	73	1	2	0
70	白鸽美术儿童教育平台	1	13	0	null	0	1	0
70	百万城火车模型经销—北京利顺恒达科技有限公司	1	30	0	null	0	0	0
70	百合祥儿童门诊	1	134	2	73	3	9	0
70	百奇儿童乐园	1	13	0	null	0	0	0
70	百家宜母婴家政	1	12	0	null	0	2	0
70	百旺4607夜光虫外贸玩具店	1	12	2	71	1	1	0
70	百灵儿童摄影工作室	1	17	0	null	0	2	0
70	百草园儿童摄影	1	390	42	83	9	14	0
70	百草园儿童摄影工作室	1	58	2	null	0	0	0
70	百荣二期玩具城	1	114	14	75	6	2	0
70	百香果儿童中心	1	16	1	null	0	1	0
70	皇家少儿英语	1	12	1	null	0	1	0
70	皇家爱呗儿童摄影	1	23	2	null	0	2	0
70	皇家爱贝儿童摄影	5	23.6	0.6	0	0	2.8	0
70	皇家贝贝	1	25	0	71	2	1	0
70	益和木	1	26	1	71	1	1	0
70	盖德英语	1	24	3	null	0	2	0
70	盛世童年	1	101	1	73	1	5	0
70	真情挚爱摄影工作室	1	11	1	null	0	0	0
70	真顺母婴	1	18	2	71	1	0	0
70	睡小孩儿专业儿童摄影机构	1	12	0	null	0	0	0
70	睦家熙贝婴幼儿水育拓展中心	1	45	2	null	0	1	0
70	睿思东方教育咨询中心	1	12	1	null	0	1	0
70	睿爱全脑国际早教机构	1	40	1	71	1	3	0
70	瞧Baby's Day外贸童装	1	10	2	71	1	0	0
70	瞩目高端创意儿童摄影工作室	1	468	9	73	1	16	0
70	瞬间永恒儿童摄影工作室	1	24	4	null	0	2	0
70	瞳悦儿童摄影会馆	1	70	2	null	0	3	0
70	瞳瞳儿童摄影	1	10	0	null	0	0	0
70	瞳话儿童摄影	1	12	1	null	0	0	0
70	知妈堂孕期教育中心	2	598.5	57	79	6.5	23	0
70	知恩照相馆	1	24	4	77	2	1	0
70	石小杰艺术团舞蹈课程	1	11	3	null	0	0	0
70	石景山妇幼保健院	1	199	12	78	7	18	1
70	石榴映像儿童肖像照相馆	1	227	52	80	5	12	0
70	碧利艺术教育|Billie Art Education	1	19	1	73	1	0	0
70	神州智慧星宝隆婴幼儿游泳馆	1	40	13	null	0	1	0
70	神州爱婴婴幼儿游泳旗舰店	1	277	15	78	4	14	0
70	神话馆	1	20	0	69	1	2	0
70	福儿乐	2	30	3.5	68.5	2.5	0.5	0
70	福娃乐园	1	67	2	69	2	7	0
70	福特宝贝儿童摄影	1	12	0	null	0	0	0
70	福贝乐玩具	1	14	0	71	1	0	0
70	福贝佳国际母婴度假会所	1	132	19	null	0	6	0
70	福连家	3	47.67	4	99.67	7.67	2.33	0
70	福连家婴幼儿游泳馆	1	87	2	71	1	2	0
70	福连家母婴生活馆	4	18.25	1.5	35.5	0.5	0.75	0
70	禧伽源水趣会馆	1	137	20	73	1	7	0
70	禧月阁月子中心	1	2463	243	87	37	115	0
70	禧爱风尚摄影工作室	1	48	10	63	1	0	0
70	禾糖儿童摄影工作室	1	814	143	87	19	46	0
70	秀秀宝贝儿童摄影	1	30	3	75	2	0	0
70	积木宝贝国际早教中心	4	190	9	37.5	3.5	11.25	0
70	稚慧谷早教中心	2	40	0	36.5	0.5	1	0
70	童乐时光	1	18	0	null	0	0	0
70	童兜天地	1	129	7	73	2	11	0
70	童博士母婴水育健康生活馆	1	895	22	79	14	29	0
70	童子修身堂	1	53	2	76	2	3	0
70	童子军户外营队	1	23	0	null	0	1	0
70	童年水趣婴幼儿游泳馆	1	27	4	69	1	0	0
70	童年笔记儿童摄影	1	10	4	null	1	2	0
70	童年记忆儿童时尚摄影	1	165	68	73	1	4	0
70	童影世家摄影	1	11	0	null	0	0	0
70	童心丽影儿童摄影工作室	1	49	15	81	8	1	0
70	童心国际儿童摄影	1	13	2	null	0	0	0
70	童心童苑绘本馆	1	12	0	null	0	1	0
70	童悦少儿艺术培训机构	1	38	3	null	0	1	0
70	童星园儿童摄影	1	13	0	null	0	0	0
70	童星宝宝儿童摄影	1	48	3	69	1	0	0
70	童星时代专业儿童摄影	1	174	10	69	1	3	0
70	童梦星园韩式儿童摄影工作室	2	32	4.5	35.5	0.5	1	0
70	童欣一族暨飞童小可	1	40	7	79	13	3	0
70	童歌宝宝游泳	1	13	5	null	0	1	0
70	童泰婴童生活馆	1	35	1	null	0	0	0
70	童泰服饰	1	21	0	73	1	0	0
70	童泰童装专卖	1	10	0	null	0	0	0
70	童画-梵谷少儿美术	1	43	4	null	0	4	0
70	童画童影	1	17	0	null	0	0	0
70	童画风尚儿童摄影	1	11	1	null	0	0	0
70	童瞳数码儿童摄影工作室	1	19	1	null	0	1	0
70	童立方亲子绘本馆	1	47	12	null	0	3	0
70	童艺园少儿艺术中心	1	16	1	null	0	0	0
70	童艺园气球装饰	1	18	1	null	0	0	0
70	童衣库	1	40	0	71	1	0	0
70	童话与童儿童摄影	1	89	8	76	2	2	0
70	童话与童摄影工作室	1	32	2	null	0	0	0
70	童话乐园儿童摄影	1	59	6	null	0	1	0
70	童话儿童摄影	1	61	1	71	2	3	0
70	童话时光	1	44	0	63	1	0	0
70	童话时光儿童摄影	1	150	8	73	1	3	0
70	童话盒子国际时尚儿童摄影	1	50	11	76	2	1	0
70	童谣时尚孕婴摄影机构	1	597	50	86	17	14	0
70	童趣坊	1	28	0	71	1	1	0
70	童趣坊智力玩具	1	12	0	71	2	0	0
70	童趣汇	1	11	2	null	0	1	0
70	童鞋天地	1	26	1	71	1	1	0
70	童领天下专业儿童摄影	1	162	26	78	8	3	0
70	童颜印象儿童摄影	1	13	1	55	4	0	0
70	童颜宝宝摄影	1	29	12	null	0	1	0
70	童颜美忆专业儿童摄影工作室	1	59	4	73	1	2	0
70	竹蜻蜓专业儿童摄影	1	75	8	75	1	0	0
70	竹蜻蜓摄影馆	1	31	14	73	1	0	0
70	第一宝贝高端婴幼儿照相馆	1	45	31	null	4	0	0
70	第九元素摄影	1	70	576	86	40	2	0
70	第二书房橡树湾馆	1	26	4	null	0	1	0
70	第二妇幼保健院	1	42	1	null	0	1	1
70	签约童心儿童摄影	1	19	7	null	0	1	0
70	简单小孩高端创意儿童摄影	2	9020	591.5	86	33	370	0
70	米乐乐欢乐屋	1	20	0	null	0	0	0
70	米修视觉工作室	1	73	18	58	5	5	0
70	米兰宝贝儿童摄影	1	10	0	null	0	0	0
70	米可童年儿童摄影	1	39	3	null	0	3	0
70	米多婴儿游泳馆	1	233	37	78	7	6	0
70	米奇妙	2	15	1.5	71	1	0.5	0
70	米娅儿童摄影	1	25	0	null	0	2	0
70	米心创意儿童摄影	1	370	36	89	21	13	0
70	米来未来	1	185	3	null	0	6	0
70	米氏孕婴	1	14	0	null	0	0	0
70	米粒儿童摄影工作室	1	16	1	null	0	3	0
70	米罗的家儿童乐园Milo's	1	347	45	78	3	11	0
70	米菲童鞋	1	21	1	69	1	1	0
70	米蒂跳儿童主题乐园	2	2201.5	76.5	41.5	17.5	68	0
70	米蒂跳创意生活展示中心	1	280	873	null	69	23	0
70	米高滑板车店	1	42	2	null	0	0	0
70	精灵豆婴幼儿摄影	2	386.5	15	80	13	9	0
70	糖宝贝Club	1	46	0	null	0	1	0
70	糖果专业摄影	1	60	6	71	1	1	0
70	糖果国际少儿英语	1	44	10	71	1	0	0
70	糖果娃娃儿童摄影	1	23	1	null	0	2	0
70	糖果宝贝儿童摄影	1	17	0	null	0	1	0
70	糖果小镇儿童摄影工作室	2	25	1	0	0	0	0
70	糖果屋儿童摄影馆	1	282	38	76	11	14	0
70	糖果布丁儿童摄影工作室	1	77	17	80	5	3	0
70	糖果童话儿童摄影	1	44	1	null	0	3	0
70	糖糖少儿美术工作室	1	17	2	null	0	1	0
70	索菲思儿童教育	2	334	11	68.5	3.5	8.5	0
70	紫荆学堂	1	15	2	null	0	2	0
70	繁星幻想儿童欢乐谷	1	346	13	76	4	22	0
70	红墙优月婴儿游泳馆	1	44	5	73	1	1	0
70	红墙月嫂	1	264	14	null	0	8	0
70	红墙月子餐主题厨房	1	48	0	null	0	1	0
70	红墙母婴服务中心	1	19	1	null	0	0	0
70	红墙莱弗母婴护理中心	1	89	2	null	0	9	0
70	红孩子	2	19.5	0.5	73	3.5	0	0
70	红孩子孕婴用品专卖	1	10	0	null	0	0	0
70	红孩子母婴用品专营店	1	14	1	null	0	0	0
70	红果果摄影中心	1	45	2	73	2	1	0
70	红洋毛绒	1	17	0	71	1	1	0
70	红篱笆儿童摄影	1	15	4	null	0	1	0
70	红蜻蜓舞蹈艺术团	1	12	0	null	0	2	0
70	红豆宝贝儿童摄影	1	34	2	73	1	2	0
70	红黄蓝	1	39	1	71	1	0	0
70	红黄蓝亲子园	14	319.57	23.79	115.36	8	12.14	0
70	约克叔叔	2	122	10	39	7	4	0
70	纪尔影像工作室	1	25	1	73	1	1	0
70	纯真年代	1	28	0	null	0	1	0
70	纯真年代摄影	1	25	6	null	0	3	0
70	纸风车儿童摄影	1	18	0	null	0	1	0
70	纸飞机儿童摄影	3	1443.33	143.33	75.33	11	61	0
70	纽约天爱艺术影廊	1	27	7	null	0	0	0
70	维嘉缘母婴服务	1	28	1	71	1	0	0
70	维尼宝贝婴儿游泳馆	2	42.5	4.5	0	0	0	0
70	维尼宝贝婴幼儿游泳馆(双桥)	1	16	2	null	0	0	0
70	绿仙综儿童乐园	1	36	2	66	2	0	0
70	绿典彩棉	2	26	1	34.5	0.5	1	0
70	绿泡泡国际儿童水上拓展中心	1	89	15	null	0	2	0
70	绿绿鲁可GreenBaby亲子宝贝儿童摄影	1	36	2	null	0	2	0
70	绿色探索乐园	1	54	2	69	3	2	0
70	绿草地儿童艺术培训中心	1	14	0	null	0	2	0
70	绿蒂维特孕儿摄影	3	84	18.67	65.67	7	4	0
70	绿豆娃娃儿童摄影	1	43	51	69	1	3	0
70	罗兰数字音乐中心	1	29	11	75	2	1	0
70	美中宜和妇儿医院	2	1699.5	284.5	86.5	32.5	69	0
70	美丽妈妈婴儿游泳馆	6	71.5	2.5	12	0.33	1.67	0
70	美乐时儿童摄影	1	110	9	73	1	7	0
70	美佳少儿英语	1	14	3	null	0	1	0
70	美兰之声小提琴艺术中心	1	31	4	null	0	0	0
70	美华妇儿医院	1	446	62	79	5	14	0
70	美吉乐儿童欢乐城	1	49	6	73	3	4	0
70	美吉凯德少儿艺术空间	1	42	2	73	1	7	0
70	美吉姆	1	199	7	61	2	4	0
70	美吉姆国际儿童教育中心	9	270.89	16.33	73.56	4.11	8.33	0
70	美吉姆国际儿童教育中心亦庄中心	1	119	6	null	0	3	0
70	美吉姆纽约国际	1	27	4	null	0	0	0
70	美国嘉美月子中心	1	123	12	null	0	8	0
70	美国悦宝园天通苑早教中心	1	128	8	73	2	5	0
70	美国悦宝园早教中心	7	233.14	22.71	66.86	11.57	8.57	0
70	美国悦宝园早教中心（双桥店）	1	52	2	null	0	3	0
70	美国悦宝园早教回龙观旗舰中心	1	749	25	84	16	44	0
70	美国美芝宝国际月子中心	1	18	1	null	0	0	0
70	美国葛莱	1	22	1	null	0	0	0
70	美塾少儿美术培训	1	18	1	null	0	3	0
70	美太欢乐嘉年华	1	71	4	null	0	0	0
70	美奇儿儿童乐园	1	128	7	77	8	2	0
70	美妈汇产后修复中心	1	297	25	75	2	11	0
70	美孕宝美国月子中心	1	47	3	null	0	1	0
70	美悦阁月子会所	1	55	8	null	0	3	0
70	美智朗儿童成长空间	1	15	3	null	0	1	0
70	美术玩家	1	41	4	73	1	1	0
70	美洛园赴美月子中心	1	30	8	null	0	1	0
70	美瑞英月嫂	1	14	0	null	0	0	0
70	美瑞英母婴护理	1	16	5	null	0	0	0
70	美育儿童音乐舞蹈国际机构	1	62	11	null	0	4	0
70	美育奥福儿童音乐舞蹈教育机构	1	20	6	null	0	3	0
70	美路美国高端月子会所	1	63	5	null	0	4	0
70	羽川家玩具店	1	14	0	null	0	0	0
70	羽翼天成舞台训练成长中心	1	27	3	null	0	2	0
70	翻斗乐	1	251	10	69	1	2	0
70	耀华婴幼儿教育中心	1	18	0	null	0	0	0
70	考拉坞儿童摄影	1	45	6	78	3	1	0
70	耐克童装	2	54.5	1	0	0	1	0
70	聂卫平围棋道场	1	18	0	null	0	1	0
70	聚焦baby儿童摄影	1	400	14	77	3	32	0
70	聪乐宝宝游泳馆	1	39	0	null	0	2	0
70	聪明宝贝天才培育中心	3	27.67	1.67	45.67	1	0.67	0
70	聪明树国际早教昌平中心店	1	11	1	null	0	1	0
70	聪明树早教中心	4	38.75	4.25	17.25	0.25	1.75	0
70	聪明树水育spa游泳馆	1	28	1	null	0	0	0
70	育婴东方孕婴用品	1	12	0	null	0	0	0
70	育婴之家家政服务	1	14	1	null	0	1	0
70	育婴之家母婴护理中心	1	50	0	63	1	0	0
70	育婴指导站宝宝托管中心	1	16	2	null	0	0	0
70	背带裤儿童摄影	2	175.5	28.5	38.5	2	4	0
70	胡桃儿童摄影工作室	2	62	1.5	57.5	4	3.5	0
70	能动英语屋	14	24	1.57	26.07	0.5	1.57	0
70	能量娃儿童学习会馆	5	15	0.2	0	0	1.6	0
70	自然光影社	1	14	3	null	0	0	0
70	自然卷成长影像馆	1	356	93	84	16	5	0
70	至极.用心影坊	1	31	0	null	0	1	0
70	至爱母婴用品	1	30	2	69	1	1	0
70	致恋人	1	12	1	null	0	0	0
70	臻宝贝望京宝宝游泳馆	1	53	3	null	0	3	0
70	臻相	1	58	5	73	5	3	0
70	舞六七艺术中心	1	13	0	null	0	0	0
70	舞动音符	1	11	0	null	0	0	0
70	舞林传奇少儿舞蹈	5	19.4	3.4	13.8	0.2	2	0
70	舞色音符少儿艺术培训中心	1	63	2	73	1	2	0
70	航天亲子园	1	11	0	null	0	0	0
70	航模大世界	1	16	1	null	0	0	0
70	航诚玩具店	1	10	1	null	0	0	0
70	色宝贝儿童摄影	1	83	4	71	1	2	0
70	艺佳视觉摄影中心	1	10	34	null	2	1	0
70	艺佳视觉摄影连锁机构	1	56	2	69	1	1	0
70	艺多国际儿童艺术中心	1	26	8	null	0	5	0
70	艺想天开创意美工DIY	1	22	1	69	2	2	0
70	艺术才谜	5	83.4	13.2	59.8	3.4	3.4	0
70	艺美宝宝精致摄影	1	51	3	66	1	0	0
70	艺舞倾情舞蹈培训	1	10	1	null	0	0	0
70	艺视觉摄影工作室	1	42	0	null	0	0	0
70	艺象标儿童创艺美术	1	10	1	73	1	0	0
70	艾丽斯妇科医院	1	210	18	null	1	5	0
70	艾典宝贝摄影	1	26	2	null	0	2	0
70	艾卡甜蜜树儿童摄影	1	261	26	79	4	5	0
70	艾咪宝贝儿童摄影	1	16	2	null	0	0	0
70	艾德儿童之家	1	11	0	null	0	0	0
70	艾德沃早教中心	1	17	1	66	1	1	0
70	艾格尼丝儿童摄影	1	88	0	null	0	1	0
70	艾欧拉摄影工作室	1	95	8	66	1	1	0
70	艾沫儿	1	20	0	null	0	2	0
70	艾涂图国际儿童艺术中心	3	116.33	3.67	24.33	0.33	6.67	0
70	艾玛游泳	2	25.5	1	0	0	1.5	0
70	艾玛美之瑶母婴生活馆	9	151.22	18.56	60.22	6.78	3.78	0
70	艾迪儿儿童乐园	1	11	0	null	0	0	0
70	艾迪儿国际亲子早教	2	16	2	0	0	1	0
70	艾迪贝比婴幼儿游泳馆	1	30	2	null	0	3	0
70	芒果少儿英语	1	19	0	73	1	0	0
70	芙儿优	1	26	2	71	1	0	0
70	芙蓉国际月子会所	1	286	32	null	0	24	0
70	芝麻开门儿童摄影	1	25	9	null	4	2	0
70	芝麻街儿童摄影	1	1422	167	85	16	66	0
70	芭比娃娃	4	19.75	1	17.75	0.25	0.5	0
70	芭比婴儿游泳馆	1	40	1	null	0	1	0
70	芭比芭迪时尚儿童	1	49	5	71	1	0	0
70	芭比贝儿儿童摄影	1	29	2	null	0	0	0
70	芭莎尚雅高端儿童摄影	1	83	4	null	0	4	0
70	芭莎贝贝时尚儿童亲子摄影	2	149.5	66	39.5	6.5	5.5	0
70	芭迪儿童摄影	6	273.83	33.17	76	10	6.33	0
70	花儿朵朵儿童摄影	1	24	1	null	0	1	0
70	花园宝宝早教北京顺义中心	1	78	0	null	0	1	0
70	花家地婴幼儿培训中心	1	16	0	null	0	0	0
70	花样年华儿童摄影	2	25.5	0	0	0	0.5	0
70	花格子儿童摄影	1	91	1	71	2	2	0
70	花田乐教学前教育中心	1	15	3	null	0	2	0
70	花田宝贝婴儿纪念品制作中心	1	26	2	null	0	1	0
70	花语贝思	1	14	0	null	0	0	0
70	苏蒂私家摄影	1	50	2	73	1	2	0
70	英乐汇儿童成长中心	1	76	3	69	2	5	0
70	英国母婴服饰用品专家	1	26	0	null	0	0	0
70	英德玩具	1	11	0	71	1	1	0
70	英杰鼎盛产后修复养生中心	1	21	1	null	0	1	0
70	英氏	8	49.13	2.63	44	1.25	0.88	0
70	英特国际少儿英语	4	26	1	69.5	1.25	2.25	0
70	英皇宝贝婴儿游泳馆	1	57	5	69	1	1	0
70	英贝艺术培训	1	20	0	null	0	1	0
70	英雄玩具	1	11	0	null	0	1	0
70	苹果宝贝	1	239	3	69	1	2	0
70	范范摄影	1	209	18	null	0	6	0
70	草桥--乐高活动中心	1	80	0	73	1	1	0
70	莫可果果婴幼儿游泳会所	1	13	1	null	0	1	0
70	莫林妙卡	1	87	3	72	2	2	0
70	莫莉幻想	9	289.33	40.33	69	11	13	0
70	莫莉幻想儿童乐园	1	10	0	null	0	3	0
70	莱利乐园	2	84.5	10	74	7.5	3	0
70	莱利嘉年华	1	198	20	78	32	18	0
70	莱弗月子会所	3	547.67	19.67	28.67	8	32	0
70	莱莉岛翻斗乐儿童乐园	1	166	5	null	0	5	0
70	菜鸟益趣科普港	1	24	0	null	0	0	0
70	菲兔摄影	1	354	44	82	8	8	0
70	菲尔德国际少儿英语	2	32	2	36.5	0.5	1	0
70	菲思普美式早教乐园	1	19	1	null	0	1	0
70	菲格咪妮	1	11	1	null	1	1	0
70	菲比室内儿童主题乐园	1	234	7	75	2	9	0
70	菲比海星宝婴儿游泳会所	1	96	8	80	10	2	0
70	菲迪贝贝儿童摄影	1	80	50	80	10	1	0
70	萌娃童星摄影	1	65	3	null	0	2	0
70	萌宝妈咪爱孕妇摄影	1	216	1	null	0	18	0
70	萌物汇	1	26	10	null	0	1	0
70	萌萌兔玩乐园	1	37	2	71	1	0	0
70	葛莱专卖	1	39	5	71	1	0	0
70	葡萄院儿	1	37	1	null	0	0	0
70	蒙台梭利儿童之家	2	22.5	3	0	0	1.5	0
70	蒲蕾英少儿英语	1	16	3	null	0	1	0
70	蒲雷英少儿英语	1	10	1	null	0	0	0
70	蓓恩婴幼儿游泳早教馆	1	32	13	null	0	1	0
70	蓓恩游泳馆	1	29	3	null	0	1	0
70	蓓比斯特世界日托育儿中心	1	25	1	null	0	1	0
70	蓓爱精灵儿童摄影	1	25	1	73	1	0	0
70	蓝图乐知英语培训	1	12	2	null	0	0	0
70	蓝天城儿童摄影工作室	1	20	0	null	0	0	0
70	蓝天城儿童素质训练基地	1	142	6	null	0	4	0
70	蓝天外语培训中心	1	13	1	null	0	0	0
70	蓝天贝贝欢乐斗	1	22	3	69	1	1	0
70	蓝宝宝婴儿游泳馆	1	83	13	null	0	2	0
70	蓝星宝宝儿童之家	1	11	0	null	0	0	0
70	蓝月亮儿童图书馆	1	23	9	null	1	2	0
70	蓝沐儿婴儿游泳馆	1	485	71	82	13	21	0
70	蓝精灵摄影	1	26	5	null	0	2	0
70	蓝色小孩音乐教育	2	21.5	3.5	0	0	1	0
70	蓝色港湾儿童城	1	367	18	76	2	24	0
70	蓝色精灵儿童摄影	1	28	1	71	1	0	0
70	蓝芽儿童摄影	1	34	0	null	0	0	0
70	蓝鲸儿童美术馆	1	14	1	null	0	3	0
70	蕃茄田艺术	1	11	0	null	0	0	0
70	蕾琪乐园	2	102	1.5	72	2	5	0
70	薇妮	1	12	0	null	0	1	0
70	蘑菇熊主题乐园	1	66	0	66	1	1	0
70	虫虫儿童乐园	1	47	6	null	0	3	0
70	蚂蚁公社	1	105	2	73	2	3	0
70	蜂巢视觉摄影工作室	1	23	0	null	0	1	0
70	蜂鸟艺术画室	1	13	3	null	0	3	0
70	蜗牛儿童摄影工作室	1	518	69	77	5	17	0
70	蜜桃屋儿童摄影	1	10	3	null	0	1	0
70	蜜糖照相馆	1	82	18	73	1	4	0
70	蜜芽宝贝	1	12	0	71	1	0	0
70	蜜诗摩尔一级总代~金木团队	1	28	0	null	0	null	0
70	蟹岛儿童游乐园	1	745	53	77	13	14	0
70	西城区疾病预防控制中心妇幼保健所	1	23	0	null	0	0	1
70	西子堂水智能拓展中心	1	119	14	73	2	5	0
70	西瓜堡贝儿童娱乐中心	1	27	0	null	0	0	0
70	西瓜头奇妙世界	3	146.67	2.33	23	0.33	5.67	0
70	见闻宝贝儿童摄影	1	20	3	null	0	2	0
70	许愿树儿童早教成长中心	1	44	8	71	2	1	0
70	诺克儿童摄影	1	111	1	63	2	2	0
70	诺其全景英语	1	55	0	null	0	2	0
70	诺诺儿童摄影工作室	1	27	1	null	0	0	0
70	读乐空间	1	48	0	73	1	1	0
70	谢谢妈咪童趣馆	1	11	0	null	0	1	0
70	豆豆乐	1	65	6	71	1	3	0
70	豆豆家科技馆	1	56	155	null	21	6	0
70	豌豆宝宝儿童摄影	1	16	0	null	0	0	0
70	豌豆荚儿童摄影	1	127	13	75	5	6	0
70	贝乐学科英语	11	78.91	8.27	39.73	0.91	4.45	0
70	贝乐绘	1	42	4	null	0	2	0
70	贝乐维	1	13	1	73	1	0	0
70	贝乐美婴儿游泳馆	1	34	10	null	0	1	0
70	贝亲	3	61.67	5	74	2	1	0
70	贝优美婴儿游泳馆	2	60	13	33	1	2	0
70	贝儿乐儿童乐园	2	116	1.5	72	1	3.5	0
70	贝儿乐儿童摄影	1	156	14	73	1	6	0
70	贝儿壮乳房护理中心	1	22	0	null	0	1	0
70	贝思亲婴儿纪念品	2	94.5	12	35.5	1.5	1.5	0
70	贝思亲胎毛笔制作中心	1	48	1	null	0	0	0
70	贝比嘉国际儿童发展中心	1	101	32	78	5	2	0
70	贝爱妈咪	2	121.5	13	74	4	2.5	0
70	贝瑞儿童摄影	1	11	0	null	0	0	0
70	贝瓦BEVA体验店	2	64	2	35.5	0.5	3.5	0
70	贝福乐月嫂家政服务	1	19	0	null	0	1	0
70	贝美印象儿童摄影	1	13	1	null	0	0	0
70	贝蒂少儿教育	1	17	1	null	0	2	0
70	贝贝亲爱母婴用品	1	18	0	69	1	1	0
70	贝贝优儿童摄影	1	18	0	null	0	0	0
70	贝贝兔婴儿家庭会所	1	16	3	null	0	0	0
70	贝贝兔宝宝家园	1	24	1	null	0	0	0
70	贝贝宫得国际儿童摄影基地	1	339	4	77	3	15	0
70	贝贝宫得国际儿童摄影－童趣馆	1	26	0	null	0	2	0
70	贝贝宫得胎儿影像	1	2105	329	85	36	108	0
70	贝贝心怡	1	111	12	73	1	1	0
70	贝贝托儿童教育机构	1	19	1	null	0	1	0
70	贝迪堡Baby Power国际早教中心	2	573.5	20	74.5	4.5	8.5	0
70	贝迪堡Baby Power国际早教中心(大兴中心)	1	80	3	null	0	4	0
70	贯日漂亮宝贝儿童摄影	2	30	13	30	5	0.5	0
70	贵族动漫	1	40	6	73	3	0	0
70	贵族摄影工作室	1	26	2	null	0	0	0
70	贺曼	2	30	1	35.5	0.5	1	0
70	赛乐湃儿婴幼儿水疗馆	1	103	22	78	3	1	0
70	走向剑桥英语教育中心	1	10	2	null	0	1	0
70	起步摇篮儿童早教	1	25	3	66	1	3	0
70	超级宝宝儿童摄影	1	66	1	null	0	8	0
70	超级宝贝亲子乐园	1	12	0	null	0	1	0
70	趣味宝船（少儿动画游戏探秘）	2	26	1	0	0	0	0
70	达妮仙境儿童摄影机构	1	13	2	null	0	1	0
70	达梦苑学科英语	1	11	0	null	0	2	0
70	运动宝贝早教机构	4	87.5	7.25	37.75	2.5	4	0
70	运动宝贝早教机构（亦庄中心）	1	47	3	73	1	3	0
70	运动王国	1	14	0	null	0	1	0
70	迪乐贝儿	2	305	40	43	13	13.5	0
70	迪士尼儿童用品	1	16	0	null	0	0	0
70	迪士尼儿童用品专营	1	17	5	null	0	0	0
70	迪士尼宝宝	1	41	3	71	1	2	0
70	迪士尼英语	12	81.08	3.75	46.17	1.67	4	0
70	迪曼早教中心	1	18	3	73	3	2	0
70	迪诺少儿素质英语	1	14	0	null	0	0	0
70	迹忆（北京）文化传播有限公司	1	77	1	null	0	7	0
70	逆时光视觉	2	1432	180.5	87	32.5	31.5	0
70	逗逗衣柜	1	11	3	73	1	1	0
70	逗逗飞儿童摄影	1	182	67	83	12	8	0
70	通州区妇幼保健院	1	177	9	78	24	8	1
70	通州十月贝贝儿童摄影	1	88	1	73	1	3	0
70	通州半岛孕味摄影	1	90	1	null	0	2	0
70	通州迪士尼宝宝	1	21	0	null	0	0	0
70	那会儿摄影工作室	1	293	78	null	0	14	0
70	那会儿童摄影	1	321	3	74	4	8	0
70	邦尼儿童美术馆	1	34	0	null	0	1	0
70	邻国邻客儿童社区	1	32	11	null	0	1	0
70	邻家小孩精致儿童摄影	1	42	1	null	0	3	0
70	都市妈妈母婴会馆	10	90.4	5.5	20.5	0.3	1.3	0
70	都市娃娃儿童摄影	1	16	1	null	0	0	0
70	都市孕爱摄影工作室	1	137	19	80	6	6	0
70	都市爱婴	2	13	0.5	0	0	1.5	0
70	都市爱婴儿童摄影	5	126.8	5.6	12.6	0.2	6.8	0
70	都市贝贝儿童摄影	1	71	2	null	0	4	0
70	都市贝贝孕婴用品	1	17	1	71	1	3	0
70	都爱专业儿童摄影	1	57	2	71	1	2	0
70	都角影像工作室	1	48	7	null	0	0	0
70	酷乐水娃婴儿游泳馆	1	11	1	null	0	0	0
70	酷乐派遥控模型	1	12	4	null	0	0	0
70	酷儿咪时尚儿童摄影	1	67	5	null	0	3	0
70	酷奇乐童车	1	49	7	null	0	0	0
70	酷牛儿童摄影	1	20	2	null	0	1	0
70	酷玩无限	1	19	0	69	1	0	0
70	酷玩童训	1	23	0	null	0	0	0
70	酷菲儿婴儿用品	2	12	1	70	3	2	0
70	酷酷兔	1	130	7	69	1	3	0
70	酷酷兔少儿拓展天地	1	1099	840	87	50	45	0
70	野比太玩具行	1	20	0	69	1	1	0
70	金世兰乔摄影	1	12	0	null	0	0	0
70	金光贝贝专业时尚儿童摄影	1	20	0	null	0	1	0
70	金叶子儿童摄影	1	105	10	71	2	4	0
70	金太阳婴童游泳馆	1	32	1	null	0	0	0
70	金娃娃母婴护理中心	1	29	2	null	0	1	0
70	金婴慧母婴生活会馆	1	43	11	null	0	0	0
70	金宝优全脑智慧馆	1	22	1	null	2	0	0
70	金宝宝婴儿游泳馆	2	58	3	35.5	0.5	2.5	0
70	金宝宝家政母婴护理中心	1	25	1	null	0	1	0
70	金宝贝	7	401.14	22.57	66	15.29	21.86	0
70	金宝贝 私･享･汇（ParK Gymboree）蓝色港湾中心	1	77	1	null	0	2	0
70	金宝贝婴幼儿游泳馆	1	19	1	null	0	0	0
70	金宝贝早教	1	1549	40	75	3	42	0
70	金宝贝早教中心	8	444.88	38.63	78.25	16.75	19	0
70	金宝贝时尚儿童摄影	1	23	2	69	1	0	0
70	金月时代月嫂	1	21	0	null	0	2	0
70	金泉母乳妈妈会所	2	580.5	104.5	77.5	5	16	0
70	金源娱乐园	1	50	4	69	5	1	0
70	金牌宝贝儿童潜能培训中心	1	27	0	null	0	2	0
70	金种子	1	11	0	null	0	1	0
70	金种子乐园	1	180	11	78	6	9	0
70	金种子乐园（北京华联肖家河店）	1	10	0	71	1	1	0
70	金种子超大型儿童乐园	1	228	6	70	2	12	0
70	金童乐园儿童摄影	1	36	1	69	1	3	0
70	金童儿科门诊	1	16	0	null	0	2	0
70	金童理发 胎毛纪念品	1	36	1	null	0	1	0
70	金色创想美术教育中心	1	11	1	null	0	2	0
70	金色摇篮	1	26	0	null	0	3	0
70	金色摇篮七彩宝屋	1	29	1	null	0	0	0
70	金色摇篮潜能开发婴幼园	5	26.8	2.4	13.8	0.2	1.8	0
70	金色时光孕婴儿童城	2	30	0	35.5	0.5	0.5	0
70	金色童年儿童摄影	3	753	67	53.67	7.67	25.67	0
70	金色足迹儿童摄影	1	32	1	66	1	2	0
70	金色阳光儿童乐园	1	88	15	69	6	5	0
70	金色雨林学习能力研究中心	4	16	0.25	0	0	1	0
70	金芒果摄影工作室	1	10	2	null	0	1	0
70	金葵花少儿艺术培训中心	1	14	0	null	0	2	0
70	金豆月子会馆	1	194	6	null	0	20	0
70	金豆豆教育	1	13	0	null	0	0	0
70	金豆豆淘气堡儿童游乐城	1	31	0	null	0	1	0
70	金贝儿婴儿游泳	1	22	1	null	0	1	0
70	金鼎爱婴	1	204	3	71	1	5	0
70	鑫博士婴儿游泳专业抚触会所	1	56	3	null	0	1	0
70	鑫博士婴儿游泳抚触专业会所	11	228.64	28.73	79.27	11.73	4.82	0
70	鑫博士婴儿游泳抚触专业会所(欢乐谷）	1	10	0	null	0	0	0
70	鑫工场艺术教育中心--嘉铭桐城钢琴工作室	1	10	3	null	0	0	0
70	鑫豪儿童乐园	1	59	3	null	0	2	0
70	鑫豪儿童天地	1	56	3	76	3	6	0
70	铂金百年儿童摄影	1	10	0	null	0	1	0
70	铃铛家BJD娃娃实体店	1	30	3	null	0	2	0
70	银杏宝宝乐园	1	68	11	78	14	1	0
70	银辉玩具	1	17	0	71	1	0	0
70	门墩儿童摄影	1	21	2	null	0	0	0
70	防辐射系列	1	11	0	null	0	0	0
70	阳光丽人妇科医院	1	123	10	71	2	3	1
70	阳光丽景儿童发展研究中心	1	10	2	null	0	1	0
70	阳光乐园	1	81	0	null	0	3	0
70	阳光二十一妇女儿童服务中心	1	12	2	null	0	2	0
70	阳光嘉美月嫂服务中心	1	37	1	69	1	0	0
70	阳光宝宝摄影工作室	1	16	2	null	0	1	0
70	阳光宝贝儿童摄影	1	92	7	71	1	4	0
70	阳光摄影工作室	1	13	0	null	0	0	0
70	阳光泡泡婴儿游泳馆	1	25	0	null	0	1	0
70	阳光海韵儿童摄影	1	17	0	null	0	0	0
70	阳光爱子园	1	13	1	null	0	1	0
70	阳光爱尔儿童摄影	1	31	0	71	1	1	0
70	阳光童瑶专业儿童摄影工作室	1	22	9	null	0	2	0
70	阳光艾玛游泳会馆	1	94	14	null	0	1	0
70	阿姨800网	2	83.5	6.5	38	4.5	3	0
70	阿尔法泡泡体验馆	3	125.67	15.67	71.33	1.33	3.67	0
70	阿尔法泡泡科学馆	1	86	2	null	0	1	0
70	阿帕图少儿英语	1	338	4	null	0	11	0
70	阿帕图英语	2	28	0.5	0	0	0.5	0
70	阿拉丁婴儿游泳馆	1	37	14	null	0	1	0
70	阿杰邦尼童装	1	11	0	69	1	0	0
70	陶乐园托幼中心	1	17	0	null	0	1	0
70	隆喜福儿童摄影	1	27	6	69	1	0	0
70	雅之孕产后恢复中心	1	13	0	null	0	1	0
70	雅咪贝贝	2	33	1.5	34.5	0.5	0	0
70	雅月汇月子会所	1	667	40	74	5	36	0
70	雅芽娃娃儿童摄影	1	50	11	null	0	6	0
70	雅趣摄影学院	1	22	1	null	1	2	0
70	雨童话孕婴童摄影	1	38	24	84	11	0	0
70	雷神模型玩具	1	35	3	null	1	1	0
70	霂霖婴儿游泳馆	1	62	4	73	1	2	0
70	青木屋	1	56	10	79	19	3	0
70	青果梦想儿童摄影	1	13	3	null	0	1	0
70	青欣家政服务	1	35	9	71	2	1	0
70	青欣玖玖教育咨询有限公司	1	15	0	null	0	2	0
70	青蛙宝贝婴儿游泳馆	1	16	3	null	0	0	0
70	青青果新概念儿童摄影	1	13	1	null	0	0	0
70	青青藤乐学堂	1	28	1	null	0	4	0
70	靓丽童颜儿童摄影生活馆	1	118	10	81	20	6	0
70	靓宝宝婴幼儿游泳会馆	2	454	62	118	24	7.5	0
70	靓康爱婴儿童摄影全国连锁机构	1	156	6	65	3	3	0
70	靓点国际儿童摄影	2	82.5	13	75.5	2.5	3.5	0
70	非凡创意空间——亲子宝贝屋	1	14	0	null	0	0	0
70	非凡宝贝	1	22	2	null	0	1	0
70	韩12儿童摄影	1	66	4	63	1	3	0
70	韩国泡泡秀儿童体验馆	1	179	2	null	0	10	0
70	韩国韩通无痛开奶回奶工作室(喜喜月子爱护机构紫檀万豪馆)	1	14	2	null	0	0	0
70	韩国魔幻泡泡	1	88	22	77	2	1	0
70	韩国魔幻泡泡体验馆	1	3089	192	83	27	104	0
70	韩尚儿童摄影	2	14	0	0	0	0.5	0
70	韬坤益智玩具店	1	10	1	null	0	0	0
70	音琴美诗艺术生活中心	1	41	3	null	0	3	0
70	音韵双拓学前班	1	12	0	null	0	1	0
70	韵味妈妈月嫂	1	14	2	null	0	0	0
70	韵美轩	4	162.75	13	36	1.25	3.25	0
70	韵美轩婴儿游泳天通苑店	1	178	6	80	8	3	0
70	韵美轩婴幼儿游泳馆	1	15	2	null	0	0	0
70	顶级玩家	1	65	4	76	2	1	0
70	顺义婴儿游泳(果乐果婴幼儿游泳馆)	1	17	0	null	0	2	0
70	顺子儿童摄影师室	1	20	1	73	1	0	0
70	颐堤港儿童乐园	1	1242	114	79	7	30	0
70	风云宝贝教育	1	10	0	null	0	0	0
70	风灵映像私家儿童摄影会馆	1	256	18	83	10	10	0
70	风灵映像私家儿童摄影会馆（天通苑精致馆）	1	453	62	82	9	25	0
70	风铃儿童感统训练馆	1	19	0	null	0	0	0
70	风铃儿童艺术教育中心	1	16	4	null	0	1	0
70	飞思童趣美国校内课堂	1	14	1	71	1	0	0
70	飞鸟视觉摄影	1	14	0	null	0	2	0
70	飞鹤小提琴工作室	1	20	8	null	0	0	0
70	首儿健高门诊部	1	48	1	null	0	1	0
70	首邑上城绘本馆	1	14	3	null	0	0	0
70	首都机场儿童乐园	1	82	5	71	2	3	0
70	香港皇家宝贝儿童摄影	2	746.5	45	112.5	8.5	20.5	0
70	馨月汇月子会所	1	2824	137	90	39	92	0
70	馨福月子中心	1	237	19	null	0	16	0
70	马丁叔叔	1	11	1	69	1	1	0
70	马博士婴儿游泳	2	127	3.5	36.5	0.5	1.5	0
70	马博士婴儿游泳专家	1	20	1	null	0	null	1
70	马博士婴儿游泳用品	1	53	2	71	1	2	1
70	马博士婴儿游泳馆	31	280.16	14.23	57.77	4.58	5.13	1
70	马博士婴儿游泳馆(房山绿地缤纷城店)	1	64	0	null	0	2	1
70	马博士婴儿游泳馆门头沟	1	44	3	null	0	1	1
70	马博士游泳馆	1	86	0	66	1	1	1
70	马家堡妇幼保健院	1	119	11	69	5	4	1
70	高乐迪室内儿童乐园	1	28	0	null	0	1	0
70	魔奇英语	4	22	1	16.5	0.25	0.75	0
70	魔方儿童摄影	1	35	1	null	0	0	0
70	魔法宝贝儿童影像工作室	1	51	1	null	0	0	0
70	魔法小屋儿童摄影	1	116	9	77	2	5	0
70	魔镜摄影事务所	2	20.5	0.5	0	0	0	0
70	鱼乐贝贝	1	128	2	69	2	2	0
70	鱼乐贝贝婴儿游泳馆	1	22	1	null	0	0	0
70	鱼乐贝贝婴幼儿水育馆	5	398.2	19.4	44.8	4.6	9	0
70	鱼乐贝贝婴幼儿游泳	2	19	0	0	0	0	1
70	鱼乐贝贝婴幼儿游泳水育馆	1	167	0	66	1	1	1
70	鱼乐贝贝婴幼儿游泳馆	22	378.64	30.32	63.18	8.36	10.82	1
70	鱼乐贝贝婴幼儿游泳馆(石景山远洋山水店)	1	75	1	null	0	2	1
70	鲁谷店	1	10	0	null	0	0	0
70	鲸鱼宝宝童装	2	11.5	0.5	36.5	0.5	0.5	0
70	鸟巢儿童体验中心	2	1152.5	199	43.5	12	49.5	0
70	鸡蛋花花	1	101	76	82	22	2	0
70	麒麟宝宝	1	35	8	77	4	2	0
70	麦兜儿童摄影	1	24	0	null	0	1	0
70	麦幼优儿童乐园	5	53.6	4	28.8	0.8	2	0
70	麦幼优国际儿童会馆	4	213.75	30.75	54.75	4.25	6.25	0
70	麦幼优海绵宝宝儿童乐园	1	438	77	75	4	11	0
70	麦幼优游乐园	1	14	7	null	2	2	0
70	麦芽儿童摄影	1	185	16	77	9	5	0
70	麦芽学院	1	21	1	null	0	0	0
70	麻麻米呀德国奶粉代购	1	10	0	null	0	0	1
70	黄村儿童游乐园	1	135	14	82	34	6	0
70	黄色小鸭	4	26	1.5	56	1.75	0	0
70	黎明家育	1	186	25	76	2	9	0
70	黎明家育月嫂	2	23.5	6	0	0	0	0
70	龅牙兔儿童情商乐园	1	74	3	69	2	4	0
70	龙凤贝贝儿童摄影	2	13	0.5	36.5	0.5	1.5	0
70	龙宝宝儿童乐园	1	50	5	69	1	1	0
70	龙宝宝婴幼园	1	27	1	73	1	1	0
70	龙宝贝摄影	1	31	4	71	1	1	0
70	龙禧儿童游乐场	1	54	10	73	1	3	0